#
# GMT Wed Oct  4 19:26:55 2023
# 
0 1 2 3 4 5 6 7 8 9 10 11 12 13 14 15 16 17 18 19 20 21 22 23 24
1 2 3 4 5 6 7 8 9 10 11 12 13 14 15 16 17 18 19 20 21 22 23 24
2 3 4 5 6 7 8 9 10 11 12 13 14 15 16 17 18 19 20 21 22 23 24
3 4 5 6 7 8 9 10 11 12 13 14 15 16 17 18 19 20 21 22 23 24
4 5 6 7 8 9 10 11 12 13 14 15 16 17 18 19 20 21 22 23 24
5 6 7 8 9 10 11 12 13 14 15 16 17 18 19 20 21 22 23 24
6 7 8 9 10 11 12 13 14 15 16 17 18 19 20 21 22 23 24
7 8 9 10 11 12 13 14 15 16 17 18 19 20 21 22 23 24
8 9 10 11 12 13 14 15 16 17 18 19 20 21 22 23 24
9 10 11 12 13 14 15 16 17 18 19 20 21 22 23 24
10 11 12 13 14 15 16 17 18 19 20 21 22 23 24
11 12 13 14 15 16 17 18 19 20 21 22 23 24
12 13 14 15 16 17 18 19 20 21 22 23 24
13 14 15 16 17 18 19 20 21 22 23 24
14 15 16 17 18 19 20 21 22 23 24
15 16 17 18 19 20 21 22 23 24
16 17 18 19 20 21 22 23 24
17 18 19 20 21 22 23 24
18 19 20 21 22 23 24
19 20 21 22 23 24
20 21 22 23 24
21 22 23 24
22 23 24
23 24
24 25
25 26
26 27
27 28
28 29
29 30
30 31
31 32
32 33
33 34
34 35
35 36
36 37
37 38
38 39
39 40
40 41
41 42
42 43
43 44
44 45
45 46
46 47
47 48
48 49
49 50
50 51
51 52
52 53
53 54
54 55
55 56
56 57
57 58
58 59
59 60
60 61
61 62
62 63
63 64
64 65
65 66
66 67
67 68
68 69
69 70
70 71
71 72
72 73
73 74
74 75
75 76 77 78 79 80 81 82 83 84 85 86 87 88 89 90 91 92 93 94 95 96 97 98 99
76 77 78 79 80 81 82 83 84 85 86 87 88 89 90 91 92 93 94 95 96 97 98 99
77 78 79 80 81 82 83 84 85 86 87 88 89 90 91 92 93 94 95 96 97 98 99
78 79 80 81 82 83 84 85 86 87 88 89 90 91 92 93 94 95 96 97 98 99
79 80 81 82 83 84 85 86 87 88 89 90 91 92 93 94 95 96 97 98 99
80 81 82 83 84 85 86 87 88 89 90 91 92 93 94 95 96 97 98 99
81 82 83 84 85 86 87 88 89 90 91 92 93 94 95 96 97 98 99
82 83 84 85 86 87 88 89 90 91 92 93 94 95 96 97 98 99
83 84 85 86 87 88 89 90 91 92 93 94 95 96 97 98 99
84 85 86 87 88 89 90 91 92 93 94 95 96 97 98 99
85 86 87 88 89 90 91 92 93 94 95 96 97 98 99
86 87 88 89 90 91 92 93 94 95 96 97 98 99
87 88 89 90 91 92 93 94 95 96 97 98 99
88 89 90 91 92 93 94 95 96 97 98 99
89 90 91 92 93 94 95 96 97 98 99
90 91 92 93 94 95 96 97 98 99
91 92 93 94 95 96 97 98 99
92 93 94 95 96 97 98 99
93 94 95 96 97 98 99
94 95 96 97 98 99
95 96 97 98 99
96 97 98 99
97 98 99
98 99
99
