#
# GMT Fri Dec 15 20:54:07 2023
# 
0 3 8 11 19 22 26 37 39 43 53 61 96 98 100 102 107 109 134 136 155 165 171 193 220 221 229
1 20 28 30 52 60 121 128 131 132 142 177 213 232 236 248
2 19 23 27 28 30 43 58 88 92 93 106 111 115 116 123 130 134 140 174 178 179 242
3 14 24 48 54 65 70 71 76 89 96 103 112 119 126 132 135 144 175 185 202 204 205 215 217 226 228 246
4 12 38 53 56 57 59 64 71 88 90 101 107 110 149 164 168 184 194 224 246
5 10 15 28 31 33 36 42 55 57 60 61 63 78 94 95 98 118 120 134 148 152 153 176 179 203 206 212 225 229 242
6 17 19 22 23 30 31 37 77 83 86 109 124 133 135 140 176 198 211 220 228 233
7 10 17 23 30 33 40 51 52 73 83 86 108 120 141 142 145 148 150 159 177 180 187 194 197 206 226 238
8 14 41 50 57 61 70 75 94 95 159 175 180 182 197 204 205 210 215 220 231 241
9 20 29 49 57 69 75 98 101 124 129 133 136 203 206 212
10 12 17 20 26 31 35 37 47 70 94 110 111 125 128 138 157 177 193 194 196 197 201 204 209 219 236
11 39 40 53 63 68 83 84 95 122 132 133 148 183 197 207 214 216 217 219 222 237
12 16 17 23 29 32 41 57 59 73 83 87 93 111 123 126 131 149 188 189 198 199 205 222 228 231 234 243
13 19 21 32 46 47 67 69 70 84 85 86 127 155 160 169 175 177 179 181 191 200 214 216 219 227 230
14 23 24 28 45 77 79 80 161 162 169 196 215 220 230 231
15 26 46 66 84 121 135 174 175 176 179 185 200 211 218 236 237 239 240
16 25 27 37 41 45 58 59 62 117 127 135 139 143 148 152 160 168 173 180 182 207 222 237
17 20 26 38 58 59 63 72 88 96 108 115 127 133 138 175 184 191 198 199 212 229 230 231 244 245
18 50 71 77 84 105 112 113 115 158 180 181 189 201 211
19 23 27 28 56 58 65 66 73 97 104 118 130 139 153 155 156 166 176 179 182 193 194 196 197 202 207 215 216 220 221 225 232 239 242
20 24 28 47 53 61 66 73 110 112 116 141 148 165 178 199 212 229 234 247 249
21 45 48 51 56 59 64 78 97 104 117 120 129 148 149 151 153 157 163 172 190 191 207 225 232 235 244
22 23 50 68 72 76 92 118 142 143 145 215 223 236 243
23 30 35 81 84 89 148 150 169 170 183 200 208 227 228 231
24 36 51 67 118 135 145 152 170 193 196 207 217 222 223 224 226 244
25 37 49 53 61 64 80 92 99 109 110 111 133 149 150 176 188 196 211 216 226 234 236 240
26 31 32 33 35 41 45 55 68 80 81 83 88 93 97 103 122 123 134 138 165 174 181 216 222 238 244 246 248 249
27 29 57 79 83 88 96 104 119 130 133 143 154 157 163 164 165 170 175 190 198 223 244
28 37 41 49 57 64 65 78 83 84 109 126 147 175 196 211 220 225 240
29 40 49 55 69 75 86 90 94 107 110 122 144 151 191 192 198 219 241 244 245
30 41 48 54 84 85 94 98 117 148 156 158 159 166 203 204 207 222 229 243 244 249
31 37 38 47 52 54 57 59 62 63 77 87 112 115 129 153 156 163 176 181 202 205 212 228 231
32 34 39 56 59 61 94 111 125 135 145 151 156 178 193 199 200 213 220 231
33 43 81 104 107 141 146 156 167 169 178 186 188 217 229 230 236
34 62 63 67 73 81 83 95 97 113 118 123 126 152 163 168 176 180 206 207 223 224 228 243
35 55 83 94 104 136 148 185 189 208 234 240 244 249
36 40 58 77 82 84 86 97 122 138 141 159 161 172 214 220 228 237 240
37 49 53 62 73 80 88 90 96 99 100 139 146 149 155 160 167 169 182 190 219 223 235 246
38 39 42 46 49 66 68 79 96 99 100 110 132 137 146 149 156 176 184 189 197 202 225 236 249
39 43 44 65 66 91 120 128 162 172 205 216 225 227 241 245
40 48 50 68 88 93 97 98 103 110 114 115 125 126 135 143 147 151 170 174 180 194 201 220 225 239 241
41 50 75 80 84 88 101 105 107 121 122 134 137 152 153 159 160 174 179 191 210 216 228 234 235 237 241
42 66 83 84 91 113 120 124 127 136 144 151 160 161 169 190 191 197 204 219 228 229 230
43 52 75 96 112 117 138 158 159 168 170 187 193 197 201 206 222 242
44 47 48 99 105 108 125 129 142 153 157 169 200 216 229 237 239
45 56 57 64 77 81 101 103 127 129 138 140 150 163 171 177 180 182 195 213 219 222 234 237 249
46 55 62 72 76 80 92 104 120 135 151 156 163 175 195 199 200 211 214 237
47 50 52 71 73 93 99 106 108 145 156 174 184 186 188 225 239 243
48 71 76 90 98 126 128 166 167 168 173 176 190 204 206 227 230 238
49 50 84 108 109 122 143 157 181 187 194 197 198 207 211 215 222 227 234 239
50 54 56 77 87 97 125 126 131 134 136 137 163 196 206 214 220 222 235 239 246 249
51 60 64 66 67 79 107 112 116 120 121 138 145 147 155 157 168 182 200 204 214 219 222 226 231 233 235
52 54 69 91 93 96 101 116 117 141 150 152 153 160 196 198 213 215 217 218 223 241
53 59 61 64 71 75 77 83 96 116 119 122 137 141 143 152 156 166 187 205 223 225 237
54 58 61 75 76 87 91 101 105 156 157 163 166 171 173 177 205 228
55 60 62 68 73 79 125 131 140 153 186 188 205 212 240 242 249
56 57 71 74 78 81 83 104 109 110 114 134 151 153 158 176 179 192 198 200 229 230 243
57 65 66 73 74 80 85 87 96 98 106 108 113 121 123 133 164 176 177 184 188 190 193 197 210 235 247
58 118 126 127 142 143 145 161 171 182 193 197 199 224 228
59 71 76 83 95 100 122 129 136 140 196 198 201 215 225 226 228 231
60 66 68 80 91 104 109 110 112 116 132 136 140 148 173 176 212 215 222 233 237
61 66 68 84 86 89 99 115 121 122 127 131 144 173 185 192 198 202 231
62 68 76 100 102 103 135 143 201 202 213 215 228
63 64 69 72 83 86 89 103 107 110 112 119 141 153 157 187 188 193 202 218 223 235 241
64 66 90 120 130 132 164 167 170 207 210 216 220 222 236 244 245
65 77 79 81 88 106 131 138 153 162 174 180 186 212 215 218 231 234 245
66 71 102 108 116 126 146 152 154 156 164 174 176 184 194 204 219 221 231 237
67 72 86 103 124 142 145 179 182 187 193 197 202 208 217 239
68 69 72 76 84 94 95 104 114 144 156 158 162 172 174 177 179 184 197 200 201 223 224 227 228 232 242
69 84 117 120 124 125 142 148 159 164 174 193 196 224 232 242
70 86 103 108 176 194 196 199 201 206 210 211 216 222 226 236 248
71 74 75 78 95 96 107 108 115 128 138 152 161 163 172 173 181 193 205 207 227
72 73 78 95 100 106 108 113 126 133 135 143 149 162 167 190 202 208 211 221 227 248
73 81 85 89 141 143 157 160 182 185 192 200 205 229 235 241 243
74 78 85 123 125 130 134 139 151 170 174 195 198 203 205 211 238 240
75 91 102 111 118 119 136 152 159 160 176 178 179 197 201 222 233 234 242
76 77 84 99 111 114 128 148 149 153 155 164 165 172 179 181 189 196 197 200 213 215 222
77 84 90 97 108 116 120 124 153 157 171 203 209 226 229 245
78 84 97 98 105 111 130 132 133 135 144 153 207 227 232 242 245
79 92 94 95 96 104 117 119 140 142 154 158 164 174 186 200 201 225 231 234 248
80 81 104 105 117 130 142 161 162 176 183 195 207 217 220 226 235 243
81 85 97 103 107 108 111 114 117 122 128 132 144 159 161 163 186 191 210 212 213 214 225 243
82 88 139 141 161 175 185 199 203 205 215 216 217 243
83 86 109 113 120 122 143 144 149 155 165 180 189 216 241
84 91 97 106 110 116 137 151 161 162 175 200 203 204 212 242
85 115 125 127 145 157 160 168 176 191 206 211 213 220 227 230 242 249
86 98 99 108 122 123 148 154 155 156 183 197 204 206 217 218 222 233 237 239
87 101 102 122 126 135 137 153 161 177 186 202 205 219 220 228 236 237 241 246
88 109 115 127 129 146 150 153 161 164 167 169 172 179 181 185 203 230 234 249
89 100 106 132 140 142 155 239 244 248
90 117 123 146 149 159 166 194 195 201 210 217 225 236 245 248
91 97 111 124 139 143 168 170 175 178 184 189 190 195 205 210 212 242
92 112 113 114 129 139 143 157 182 184 187 199 202 224
93 116 123 126 154 162 169 191 200 214 221 229 230 247 248
94 113 121 122 151 153 161 165 174 191 232 235 242 246 247
95 108 129 139 148 154 174 175 192 202 217 227 231
96 98 166 175 177 189 211 212 229 244 248
97 102 105 115 116 162 166 167 168 175 206 223 230 238 243
98 141 163 169 195 196 198 199 200 211 233 240 246
99 109 123 147 160 171 178 179 214 241 245
100 110 117 123 134 170 208 223 230 244 245 248
101 113 126 130 139 144 152 158 160 165 173 181 197 200 205 211 214 236 248
102 103 113 117 128 133 154 156 162 168 169 171 175 181 184 187 198 214 217 224 225 226 230 233 234 246 247
103 122 138 141 143 153 180 200 204 224 225 234 243 246
104 112 142 156 161 164 171 187 197 199 214 223 224 232 234
105 110 111 115 139 177 188 203 206 209 215 218 233 243
106 108 118 127 132 167 169 177 186 211 212 217 223 233 237 241 249
107 165 186 190 212 214 221 222 226 229 232 238 245
108 109 116 130 138 151 152 159 175 179 207 208 222
109 110 120 129 133 142 147 151 162 165 168 172 179 190 210 214 217 232 237 239 240
110 111 115 119 125 126 137 138 145 146 147 153 174 175 184 195 209 239
111 117 121 134 147 165 166 172 199 210 221 235 249
112 131 132 135 136 166 176 198 200 210 229 234 236
113 114 118 166 178 193 210 227 228 231
114 117 124 126 128 134 144 158 161 176 180 192 200 221 229 233 235 239 240
115 116 129 132 138 141 151 171 172 174 183 191 203 217 221
116 123 131 132 133 135 147 159 161 170 197 198 238
117 120 129 133 148 164 168 170 180 199 207 208 218 219 227 236 238 245 248
118 123 125 149 170 179 184 188 198 215 224 231 232 247
119 128 135 140 143 154 157 160 165 174 180 187 211 243 244
120 135 147 179 184 188 193 198 200 202 207 215 216 230 239 243
121 122 172 176 180 191 203 209 212 214 221 232
122 137 147 171 178 179 194 199 201 204 208 223 227 231 240 244 249
123 128 147 151 168 192 210 215 227 229 238 244
124 129 135 136 138 145 160 182 194 216 222 227 232 245
125 138 142 148 150 165 169 171 178 183 186 212 214 222 226
126 149 154 158 184 187 198 204 210 223 232 236 238 247
127 132 142 145 164 168 176 204 219 224 225 228 240
128 139 149 161 176 190 195 204 205 209 226 239 247 249
129 141 165 173 183 184 186 190 194 230 235
130 137 138 144 154 176 177 188 214 225 237 242
131 136 157 163 180 181 191 194 200 204 205 209 210 239
132 142 155 158 168 174 182 192 194 197 201 204 212 215 229 232 234 246
133 151 167 168 173 178 183 186 204 236 238 239 241
134 174 192 196 202 217 240 245
135 139 161 190 205 212 218 241 245
136 141 146 153 165 172 176 186 195 208 220 244 248
137 146 149 196 201 210 217 224 241 247
138 150 153 186 189 208 220 228 229
139 152 156 208 222 225
140 148 162 163 165 173 188 195 200 223 230 231 238 246 247
141 146 161 166 167 174 177 189 190 201 210 230 241
142 148 150 157 158 175 182 192 195 206 217 222 242
143 145 165 173 180 182 205 214 215 224 228 233 238
144 148 150 161 166 167 169 179 187 193 205 212 219 232
145 158 167 176 184 199 204 206 226 238 240 243
146 149 153 157 158 172 184 208 227 229 243 247
147 149 155 171 179 183 187 196 202 216 220 245 246
148 152 156 158 172 183 199 207 224 227 238 240 248
149 160 169 171 192 196 198 200 210 226 227 234 240 241
150 162 164 178 188 194 196 197 209 212 213 216 228 236 237 244 245 248
151 170 173 183 188 205 227 236 238
152 169 175 200 206 249
153 168 174 175 179 185 192 197 199 210 220 235
154 160 162 163 181 189 204 214 223 230 243 247
155 156 175 178 185 211 239 242 243 245 249
156 167 186 198 205 217 235 239 240 246
157 158 166 180 188 195 198 199 212 230 243 247
158 174 190 191 195 214 222 225 228 231 238 245
159 164 167 172 184 207 221 245 247 248
160 168 195 205 223 232
161 173 178 179 184 189 199 202 203 210 212 217
162 165 188 223 225 227 231 232 240 247 249
163 172 176 187 193 198 204 208 213 216 228 230 234 242 244
164 177 182 196 201 204 221 230 232 234 247
165 170 177 184 191 193 195 199 210 227 233
166 168 192 248
167 169 171 193 209 210 212 229 244
168 171 199 218 219 235 238
169 172 176 205 214 216 239 240 242 244
170 207 210 215 222 227 234
171 175 182 187 199 203 214 215
172 197 201 204 209 215 234 235 243
173 205 209 216 224 228 236 238
174 188 190 195 222
175 180 187 191 216
176 179 181 194 196 201 221 228 248 249
177 189 204 206 208 213 234 241 246 248
178 193 204 209 218 220 235 241 247
179 185 186 187 213 222 227 242 249
180 198 199 211 225 237 239 242
181 184 191 201 217 220 222 240 241 242
182 184 196 206 207 208 211 241 248
183 230 236 244 246
184 190 197 203 207 210 222 227 234 240
185 187 188 204 218 231 236 247
186 189 203 209 213 217 227 229 232 240 242 249
187 193 242 249
188 207 224 229 232 248
189 193 202 211 217 219 248
190 200 208 217 224 227 231 240 242
191 196 215 229 230 242 247
192 218 234 247
193 197 205 216 235 245
194 199 223 227
195 208 210 226 227
196 198 202 218 228 239
197 198 206 215 225 234 236 244 248
198 201 221 226 230 235
199 226 249
200 216 218 231
201 206 213 217 220 235 242 247
202 203 208 213 216 218 224 228 240 242
203 221 223 237 241
204 212 238
205 228 240 243
206 212 221 222 225 226 242
207 212 215 221
208 211 247
209 235 239
210 231 241 242
211 217 228 235 241
212 218 222 225 242
213 217 234
214 234 242
215 218 228 238 239
216 235 239
217 241 247
218 229 236
219 225 227 228 242 245 249
220 222 238
221 237 242
222 247
223 228 242
224 225 233 244
225 228 239
226 235 241 244
227 231 234
228
229 239 244
230 232 239 244 247
231 246
232 234 237
233 242
234 240
235 237 242
236
237 238 246
238
239 248
240
241 242
242 244 245
243 244
244 247
245
246
247
248
249
