#
# GMT Fri Dec 15 20:53:59 2023
# 
0 3 8 11 16 18 19 22 26 37 39 40 43 47 51 53 61 75 78 96 98 100 102 107 109 130 134 136 140 155 160 165 171 190 193 194 219 220 221 229 245 248
1 20 28 30 33 49 52 60 63 95 99 103 121 128 131 132 142 177 195 198 213 218 222 232 236 248
2 3 10 19 21 23 27 28 30 43 58 70 88 92 93 95 106 111 115 116 123 130 131 134 140 154 160 161 174 178 179 219 242 245
3 14 18 19 20 24 48 53 54 58 65 70 71 76 82 89 96 103 112 119 126 132 133 135 144 165 175 181 185 202 204 205 206 215 217 221 226 228 242 246
4 9 12 15 24 26 38 45 46 53 56 57 59 64 69 71 77 86 88 90 91 101 106 107 110 138 145 149 155 164 168 180 184 194 217 224 236 246
5 10 15 21 28 31 33 36 42 55 57 60 61 63 75 78 94 95 98 113 118 120 132 134 148 152 153 159 169 170 176 179 192 201 203 206 212 225 226 229 242 245
6 17 19 22 23 29 30 31 37 40 77 83 86 94 102 109 115 117 124 128 133 135 140 152 162 176 194 198 211 220 228 233 234 243
7 10 11 17 23 30 33 40 42 51 52 59 67 73 83 86 108 120 141 142 145 148 150 159 162 177 180 187 194 197 200 206 215 225 226 229 238
8 14 33 34 41 50 57 61 70 75 94 95 133 144 154 159 170 174 175 180 182 188 197 204 205 210 215 220 227 231 235 241
9 20 26 29 43 49 57 60 69 75 98 101 124 129 133 136 137 143 152 168 181 183 196 203 206 212 219
10 12 17 20 26 31 35 37 47 60 67 70 94 97 110 111 125 128 138 142 143 149 157 166 177 182 193 194 196 197 201 204 209 210 212 219 227 232 236 249
11 24 39 40 41 44 53 63 68 73 82 83 84 95 105 122 132 133 148 152 160 165 181 183 184 185 195 197 203 207 209 214 216 217 219 222 235 237 239
12 14 16 17 23 29 32 41 57 59 73 83 87 93 111 123 125 126 131 149 153 160 171 181 186 188 189 196 198 199 203 205 208 218 222 228 231 234 237 243
13 19 21 32 46 47 54 67 69 70 84 85 86 106 127 155 160 169 175 177 179 181 191 200 203 208 214 216 219 227 230
14 23 24 28 45 75 77 79 80 96 99 103 111 133 139 142 154 160 161 162 169 174 183 185 193 196 199 211 215 220 230 231 242
15 26 35 46 47 51 64 66 81 84 85 121 126 135 140 166 169 174 175 176 177 179 185 200 211 218 232 236 237 239 240
16 25 27 30 37 41 45 46 58 59 62 69 74 106 112 117 127 135 139 143 148 152 156 160 162 168 173 180 182 189 197 203 204 206 207 214 222 228 237
17 20 24 26 28 38 39 53 57 58 59 61 62 63 65 72 73 88 96 104 108 115 125 127 133 138 175 184 191 198 199 212 228 229 230 231 236 244 245 247
18 50 71 77 84 93 99 105 112 113 115 116 126 145 146 158 160 162 164 180 181 184 189 201 210 211 221 249
19 23 27 28 49 51 56 58 63 65 66 73 97 104 118 130 135 139 153 155 156 166 176 179 180 182 193 194 195 196 197 202 207 212 215 216 217 220 221 225 232 239 242
20 24 28 47 53 59 61 64 66 73 90 97 102 110 112 114 116 123 141 148 165 178 188 199 203 212 229 234 236 247 248 249
21 27 29 34 35 45 48 51 56 57 59 64 74 75 78 91 97 104 106 111 117 120 129 145 146 148 149 151 153 154 157 163 172 185 190 191 207 211 213 214 225 232 235 244
22 23 42 45 50 63 68 72 76 90 92 95 109 112 118 120 142 143 145 152 157 189 215 223 232 236 240 243 245 247
23 30 35 78 81 84 89 122 130 131 146 148 150 152 160 162 169 170 171 183 200 208 211 217 224 227 228 230 231
24 36 51 67 69 93 118 122 135 145 146 148 149 152 163 170 193 196 207 210 217 222 223 224 226 244
25 27 36 37 49 53 61 64 78 80 92 94 99 109 110 111 133 149 150 164 165 176 180 188 189 196 211 212 213 216 226 234 236 240 244
26 28 31 32 33 35 41 45 55 65 68 76 78 80 81 83 88 93 97 103 108 115 122 123 134 138 156 165 174 180 181 188 194 210 216 222 231 238 244 246 248 249
27 29 31 32 44 55 57 61 65 77 79 83 88 96 104 117 119 121 130 131 133 143 148 154 157 163 164 165 170 175 178 190 198 200 214 223 227 234 244
28 37 41 46 48 49 57 64 65 67 77 78 81 83 84 109 120 126 143 147 173 175 176 179 191 196 211 219 220 225 240 244
29 40 49 53 55 69 75 86 90 94 107 110 111 122 134 136 137 144 149 151 191 192 194 198 219 241 244 245
30 39 41 48 51 54 64 73 84 85 93 94 98 117 148 156 158 159 166 170 175 203 204 207 222 229 240 243 244 249
31 37 38 43 47 52 54 57 59 62 63 77 79 87 98 112 115 123 129 130 137 153 156 163 165 176 177 178 181 189 191 197 202 205 212 222 223 228 231 240 247
32 34 39 56 59 61 69 94 111 125 135 140 143 145 150 151 155 156 178 184 193 199 200 210 213 218 220 231 238
33 43 56 60 62 74 75 81 98 104 107 141 146 154 156 167 169 172 177 178 184 186 188 217 229 230 236 245
34 40 43 46 62 63 66 67 73 81 83 95 97 101 113 118 123 126 146 152 163 168 172 176 180 194 199 206 207 215 217 223 224 226 228 236 243
35 50 55 80 81 83 94 104 136 148 150 166 176 185 189 207 208 214 216 225 227 234 240 244 249
36 40 49 58 61 64 65 77 82 84 86 97 122 128 135 138 141 159 161 162 172 178 187 214 217 220 222 226 228 237 240 248
37 49 53 55 61 62 73 80 88 90 96 97 99 100 121 139 146 149 155 160 167 169 182 190 198 219 223 226 235 246
38 39 42 46 49 51 66 68 79 87 96 97 99 100 103 110 132 135 137 146 149 156 176 184 186 189 197 202 220 225 236 238 249
39 43 44 65 66 74 85 91 108 120 128 153 156 159 162 170 172 193 196 203 205 216 222 225 227 241 245
40 48 50 68 83 85 88 93 97 98 103 107 110 114 115 125 126 135 143 147 151 170 174 179 180 194 201 202 207 220 225 239 241
41 50 75 80 84 87 88 101 105 107 114 121 122 134 137 141 152 153 159 160 167 174 179 183 191 210 213 215 216 224 228 234 235 237 241 247
42 66 73 76 83 84 91 92 113 120 123 124 125 127 136 144 148 150 151 160 161 169 181 183 190 191 197 200 204 219 227 228 229 230 234 238 240 248
43 47 52 57 75 94 96 99 102 112 117 131 138 158 159 164 168 170 187 193 197 201 206 220 221 222 223 230 242 246
44 46 47 48 74 90 92 94 99 105 108 118 125 129 142 150 153 157 169 173 174 200 216 221 229 232 237 239 246 248
45 56 57 63 64 70 77 80 81 101 103 107 126 127 129 138 140 150 162 163 168 171 177 180 182 195 198 208 213 214 219 222 234 237 249
46 55 62 70 72 76 80 90 92 99 104 120 127 135 150 151 156 163 175 195 199 200 211 214 227 237 247
47 50 52 71 73 77 93 95 99 106 108 118 145 151 156 174 184 186 188 212 225 239 243 247
48 53 71 76 90 98 126 128 132 166 167 168 173 176 182 190 204 205 206 213 214 227 230 238 243
49 50 84 108 109 122 127 129 143 157 171 174 181 187 194 197 198 207 211 215 222 227 234 239
50 54 56 57 73 77 81 87 97 121 125 126 131 134 136 137 163 166 167 170 172 183 185 189 196 206 214 220 222 235 239 244 246 249
51 60 64 66 67 79 107 112 116 120 121 134 138 145 147 155 157 168 182 200 204 214 219 222 226 231 233 235
52 54 69 91 93 96 101 110 116 117 140 141 150 152 153 155 160 161 164 180 196 198 213 215 217 218 223 241
53 54 59 61 64 71 75 77 83 96 97 109 116 119 122 137 141 143 152 155 156 166 177 178 187 196 205 217 223 225 237
54 58 61 69 75 76 79 87 91 101 105 107 108 111 116 134 138 156 157 158 162 163 166 171 173 177 180 190 203 205 206 214 222 228
55 57 60 62 68 73 77 79 95 124 125 131 133 140 153 172 186 188 205 206 210 212 214 217 220 224 237 240 242 249
56 57 58 61 71 74 78 81 83 104 106 109 110 114 134 151 153 158 176 179 192 198 200 212 227 229 230 234 238 239 243 244
57 58 65 66 73 74 80 85 87 96 98 106 108 113 115 121 123 133 142 164 176 177 184 188 190 193 194 197 201 210 211 235 239 242 247
58 72 98 118 126 127 142 143 145 153 161 171 180 182 193 197 199 211 224 228 231 237
59 69 71 76 83 92 95 100 104 122 129 136 140 151 183 187 192 196 198 201 215 225 226 228 231 243
60 62 66 68 80 91 102 104 105 109 110 112 114 116 127 132 136 140 143 148 149 156 173 176 180 185 208 212 215 222 233 237 240
61 66 68 84 86 89 93 99 112 115 121 122 126 127 131 142 144 162 173 185 188 192 198 202 211 231 244 247
62 68 76 99 100 102 103 135 143 151 201 202 213 215 228 234 242
63 64 69 72 83 86 89 90 103 107 110 112 117 119 126 132 141 153 157 181 187 188 193 202 215 218 223 228 235 241 247
64 65 66 69 89 90 95 120 130 132 136 164 167 168 170 192 203 207 210 216 220 222 234 236 244 245
65 74 77 79 80 81 85 88 105 106 113 126 131 134 138 152 153 154 159 162 174 180 186 212 215 217 218 227 231 234 245
66 71 77 102 103 108 116 125 126 141 146 152 154 156 160 164 172 174 176 184 185 194 204 206 219 221 231 237
67 72 78 79 85 86 102 103 124 142 145 162 170 179 182 186 187 193 197 198 202 208 215 217 221 239
68 69 71 72 76 84 91 94 95 101 104 114 125 144 156 157 158 162 166 172 174 177 179 184 185 197 200 201 223 224 227 228 232 242
69 84 89 111 114 117 118 120 123 124 125 142 147 148 159 164 174 184 193 196 209 224 232 242
70 73 86 88 98 103 108 119 134 135 143 157 176 194 196 199 201 206 210 211 216 222 226 236 248
71 74 75 76 78 95 96 107 108 115 128 137 138 152 161 162 163 172 173 181 193 205 207 227 239 240 244
72 73 78 95 100 106 108 109 113 117 122 126 133 135 143 149 162 167 190 195 197 202 208 210 211 216 221 226 227 248
73 81 85 89 106 116 124 141 143 148 152 157 160 182 185 192 200 205 229 230 235 237 241 243
74 76 78 85 90 96 100 121 123 125 130 134 139 145 151 170 174 195 197 198 203 205 211 238 240 249
75 91 102 111 118 119 124 131 136 145 152 159 160 170 176 177 178 179 192 197 201 208 222 233 234 242
76 77 84 89 91 99 111 114 117 128 131 144 148 149 153 154 155 164 165 172 176 179 181 185 189 196 197 200 213 215 219 222
77 83 84 85 90 93 97 101 106 108 116 120 124 128 144 149 153 157 161 171 178 184 197 203 209 226 229 245
78 84 97 98 105 108 111 118 123 130 132 133 135 144 148 150 153 159 174 183 190 198 205 207 213 227 232 233 242 245
79 92 94 95 96 104 106 108 114 117 119 125 140 142 143 148 154 158 164 174 186 188 189 200 201 219 225 231 234 241 248
80 81 104 105 110 117 120 130 142 157 161 162 176 177 183 195 207 217 220 226 235 243
81 85 97 103 107 108 111 114 117 122 128 132 144 156 159 161 163 186 191 197 210 212 213 214 225 239 243
82 88 104 139 141 148 156 158 161 175 178 185 199 203 205 215 216 217 243 246
83 85 86 88 101 109 113 120 122 131 143 144 149 155 158 161 165 180 184 189 216 217 223 241 244
84 91 94 97 106 110 112 116 137 144 151 155 161 162 163 175 182 200 203 204 211 212 221 242 246 248 249
85 104 106 115 123 125 127 129 137 145 146 157 160 168 174 176 183 185 188 191 206 211 213 217 218 220 227 230 242 248 249
86 90 98 99 108 122 123 129 130 147 148 154 155 156 163 183 197 204 206 217 218 220 222 233 237 239
87 91 101 102 119 120 122 126 135 137 153 161 176 177 186 189 202 205 219 220 227 228 236 237 241 243 246
88 97 102 106 109 112 115 127 129 145 146 150 152 153 161 164 167 169 170 172 179 181 184 185 203 230 234 236 244 246 249
89 95 98 100 106 108 115 116 132 140 142 155 168 169 184 187 199 239 244 248
90 117 123 144 146 149 154 159 166 170 194 195 198 201 210 217 225 233 236 245 248
91 92 97 111 124 137 139 143 151 162 166 168 170 175 178 184 186 189 190 193 194 195 205 210 212 231 242
92 112 113 114 129 139 143 157 182 183 184 187 188 199 202 213 218 224 240
93 96 101 104 113 116 123 126 151 154 162 169 170 191 200 203 214 221 225 229 230 233 247 248
94 113 121 122 137 145 151 152 153 161 165 174 191 193 215 232 235 242 246 247
95 107 108 124 129 139 142 148 154 173 174 175 185 192 201 202 210 217 225 227 230 231 236 240
96 98 123 151 166 175 177 186 189 211 212 216 229 233 243 244 248
97 102 105 115 116 130 135 156 157 162 166 167 168 175 195 196 206 221 223 230 238 243
98 99 115 141 163 169 174 195 196 197 198 199 200 201 211 229 233 240 246
99 109 123 131 138 145 147 160 162 167 171 172 175 178 179 208 214 241 245
100 110 117 120 123 134 139 147 154 155 170 174 175 195 208 216 219 223 230 244 245 248
101 104 113 120 121 126 130 136 139 144 146 147 152 158 160 165 173 174 181 194 197 200 202 205 211 214 231 235 236 248
102 103 113 117 118 128 133 136 138 147 153 154 156 162 166 168 169 171 175 181 184 187 196 198 199 214 217 220 224 225 226 230 233 234 245 246 247
103 105 112 122 129 132 138 141 143 153 157 169 170 172 178 180 194 200 203 204 209 224 225 228 234 243 246 249
104 112 113 120 131 142 156 161 164 171 179 182 187 197 199 206 214 216 219 223 224 232 234 238
105 110 111 115 119 124 126 127 134 136 139 161 177 188 202 203 206 209 213 215 218 233 243
106 108 117 118 127 129 132 133 165 167 169 177 182 186 191 206 211 212 217 223 228 233 237 241 249
107 135 146 153 157 165 170 186 187 189 190 212 214 221 222 226 229 232 238 245
108 109 116 130 138 151 152 159 161 175 179 187 202 207 208 212 222 242
109 110 120 129 133 142 147 151 162 165 168 172 175 179 189 190 202 210 214 217 232 237 239 240
110 111 115 119 125 126 137 138 139 145 146 147 153 155 169 174 175 184 195 202 207 209 238 239 246
111 113 117 121 134 147 165 166 172 195 199 201 202 207 210 221 225 232 235 249
112 131 132 135 136 164 166 176 179 180 198 200 209 210 221 229 234 236 240
113 114 118 142 150 162 166 174 178 193 210 212 227 228 231 233 242 246
114 117 119 124 126 128 134 142 144 157 158 161 171 176 180 183 192 199 200 203 221 229 233 235 239 240
115 116 129 132 138 140 141 146 151 162 171 172 174 183 191 203 213 217 220 221 228 238
116 123 125 131 132 133 135 147 159 161 170 171 197 198 201 220 238
117 120 127 128 129 133 148 164 167 168 170 180 199 207 208 212 218 219 227 236 238 241 245 247 248
118 120 123 125 132 149 162 166 170 173 177 179 181 184 188 198 215 221 224 226 231 232 247
119 128 135 140 143 154 157 160 165 174 180 187 188 211 229 243 244
120 128 135 147 150 159 163 164 171 179 181 184 188 193 195 198 200 202 207 212 215 216 220 230 239 243
121 122 165 172 176 180 191 199 202 203 209 212 214 221 232 245
122 137 141 147 162 171 176 178 179 194 199 201 204 208 223 227 231 240 242 244 249
123 124 128 142 147 151 168 178 181 184 192 193 205 210 215 216 227 229 235 238 244 249
124 129 135 136 138 144 145 160 182 189 194 205 208 216 222 227 230 232 234 237 245
125 138 141 142 148 150 165 169 171 178 181 183 186 189 200 212 214 215 222 226 236
126 149 154 158 173 184 187 198 201 204 208 210 216 223 232 236 238 242 247
127 132 142 145 148 153 164 168 176 177 204 215 219 224 225 228 240
128 139 149 161 163 176 188 189 190 195 204 205 208 209 226 231 239 241 247 249
129 141 154 165 173 183 184 186 187 190 194 199 216 230 235
130 132 137 138 139 144 154 176 177 184 188 206 209 214 225 237 242
131 136 143 154 157 163 178 180 181 191 194 200 204 205 209 210 221 223 235 239 241
132 142 155 158 168 174 182 184 192 193 194 197 201 204 212 215 229 232 234 244 246
133 139 143 151 153 155 162 167 168 173 178 183 186 194 204 218 236 238 239 241 247
134 135 140 162 174 192 196 201 202 217 240 245 246
135 137 139 148 161 179 190 192 205 212 217 218 229 237 241 243 245 246
136 141 146 153 155 165 172 176 186 192 195 200 201 208 220 227 230 237 244 248
137 139 146 149 181 196 200 201 202 210 211 217 224 228 231 239 241 247
138 139 142 150 153 186 189 202 208 220 228 229
139 144 152 156 202 208 222 225
140 148 162 163 165 171 173 188 195 200 203 223 230 231 236 238 246 247
141 146 161 166 167 174 177 189 190 201 210 230 237 241
142 146 148 150 157 158 175 182 183 184 191 192 195 199 206 217 222 229 237 242
143 145 149 158 165 171 173 180 182 201 205 214 215 222 224 228 233 238
144 148 150 161 166 167 169 177 179 187 193 204 205 212 219 231 232
145 146 152 158 167 170 176 184 199 204 206 226 238 240 241 243
146 149 153 157 158 159 172 184 202 208 210 227 229 242 243 247 248
147 149 153 155 171 179 183 185 187 190 196 202 216 220 222 228 243 245 246
148 152 156 158 172 183 193 199 202 205 207 210 224 227 228 238 240 248
149 157 160 169 171 180 185 192 196 198 200 209 210 226 227 234 240 241
150 162 164 167 178 184 188 194 196 197 209 212 213 216 228 236 237 244 245 248
151 168 170 173 180 183 188 204 205 227 236 238 240
152 167 169 175 200 206 219 229 249
153 159 168 174 175 179 185 188 192 197 199 200 210 220 221 229 235 237 247
154 160 162 163 181 189 195 196 204 210 214 223 224 230 243 247
155 156 162 172 175 178 184 185 189 191 211 231 239 242 243 245 249
156 167 186 192 198 199 205 217 235 239 240 246
157 158 159 166 180 188 189 195 198 199 212 220 221 230 243 247
158 174 179 183 185 190 191 195 214 222 225 228 229 231 235 238 245 249
159 164 167 172 174 177 184 189 198 207 212 215 221 245 247 248
160 166 168 170 184 185 195 205 214 223 228 232 244
161 162 168 173 178 179 184 189 199 202 203 210 212 217 246
162 165 188 193 209 212 215 223 225 227 231 232 240 247 249
163 172 173 176 184 187 193 195 198 204 208 213 216 228 230 232 234 242 244
164 171 177 182 196 201 204 208 221 230 232 234 238 242 247
165 170 177 181 184 191 193 195 199 203 207 210 227 229 233 234 246
166 167 168 192 204 214 248
167 169 171 187 193 202 209 210 212 229 244
168 171 190 199 202 208 216 218 219 224 235 237 238 240
169 172 175 176 178 180 205 211 214 216 229 239 240 242 244
170 173 187 201 207 210 215 221 222 227 234 245
171 175 182 187 199 203 208 214 215 227 236 239 240 246 249
172 182 197 201 204 209 215 226 234 235 243
173 187 205 209 216 220 224 228 233 236 238
174 188 190 195 201 212 222 223 231 244
175 177 180 187 190 191 211 213 216 232
176 179 181 183 194 196 201 207 217 221 228 248 249
177 189 199 204 206 208 211 213 234 241 244 246 248
178 179 182 193 198 202 204 209 218 220 231 235 241 246 247
179 185 186 187 194 213 222 225 227 242 249
180 195 198 199 211 224 225 237 239 242 243
181 184 189 191 193 201 217 219 220 222 231 234 240 241 242
182 184 196 206 207 208 211 214 233 241 248
183 203 206 218 230 236 244 246
184 190 197 203 207 210 216 222 227 234 240
185 187 188 204 210 218 231 232 234 236 245 247
186 189 190 203 209 213 216 217 218 227 229 232 240 242 249
187 193 194 200 232 242 249
188 193 207 224 229 232 237 248
189 191 193 196 200 202 209 211 217 219 235 244 248
190 200 202 203 204 208 217 224 226 227 228 231 240 242
191 196 200 203 215 229 230 231 242 247
192 218 228 234 247
193 197 205 207 216 225 235 245
194 199 203 211 223 227 235 248
195 198 208 210 224 226 227 230 233 247
196 198 202 205 218 222 228 239
197 198 203 206 215 225 234 236 244 248
198 201 221 226 230 235 241
199 203 215 226 249
200 216 218 231 233 247
201 202 206 209 213 217 220 227 231 235 241 242 247
202 203 208 213 216 218 224 228 233 240 242
203 214 221 223 228 232 237 241
204 212 233 238
205 228 240 243
206 210 212 221 222 225 226 232 239 242
207 212 215 219 221
208 211 247
209 235 239
210 216 218 231 241 242
211 216 217 224 228 235 241
212 218 222 225 226 233 239 242 247
213 217 234 249
214 234 242
215 218 227 228 235 238 239
216 220 221 235 239
217 219 241 247
218 219 223 225 229 236
219 225 227 228 231 242 244 245 249
220 222 238
221 229 237 242 245
222 223 240 247
223 227 228 242
224 225 233 244
225 228 239 243 246
226 235 237 241 244
227 231 234 237 243
228 245 247
229 239 244
230 231 232 239 244 247
231 236 246
232 233 234 237 245
233 234 242
234 240
235 237 242
236 244
237 238 246
238
239 248
240
241 242
242 244 245
243 244
244 245 247
245 246 247
246
247
248
249
