#
# GMT Fri Dec 15 20:53:52 2023
# 
0 3 8 11 16 17 18 19 22 26 37 39 40 43 45 47 51 53 56 57 59 61 75 76 78 88 91 96 98 100 102 107 109 121 130 134 136 140 155 160 165 169 171 190 193 194 205 219 220 221 229 241 245 248
1 3 20 28 30 33 41 44 49 52 60 63 80 83 95 99 103 112 121 122 127 128 131 132 140 142 149 151 165 177 195 197 198 209 213 218 222 229 232 236 248
2 3 10 19 21 23 27 28 30 43 58 69 70 75 88 92 93 95 98 106 111 115 116 123 130 131 134 136 140 151 154 160 161 168 174 178 179 181 197 213 219 233 237 242 245 248
3 14 18 19 20 24 46 48 53 54 58 65 70 71 76 82 89 96 103 112 119 126 132 133 135 144 165 175 181 185 192 202 204 205 206 208 213 215 217 218 221 226 228 232 242 246
4 8 9 12 15 24 26 29 38 45 46 53 56 57 59 62 64 69 71 77 86 88 90 91 101 106 107 110 111 126 138 145 149 155 164 168 180 184 192 194 204 208 217 224 236 237 246 249
5 9 10 15 21 28 31 33 36 42 45 53 55 57 60 61 63 69 75 78 93 94 95 98 113 118 120 131 132 134 139 148 152 153 157 159 169 170 175 176 179 185 192 201 202 203 206 209 212 225 226 229 242 245
6 17 19 22 23 29 30 31 35 37 40 50 53 59 74 77 83 86 94 99 102 109 115 117 120 124 128 133 135 140 152 155 157 162 176 194 198 211 220 221 228 233 234 243
7 10 11 12 17 23 30 33 40 42 51 52 57 59 67 73 83 86 94 98 106 108 120 136 141 142 145 148 150 159 161 162 177 180 181 183 187 194 197 198 200 205 206 215 224 225 226 229 235 238
8 14 33 34 41 48 50 55 57 61 70 75 94 95 100 104 127 133 144 154 155 159 170 174 175 180 182 188 197 200 204 205 209 210 215 218 220 222 227 231 235 241
9 14 20 26 29 30 43 47 49 56 57 60 69 74 75 90 98 101 124 129 133 136 137 143 146 152 161 168 181 183 196 203 206 212 219 237 244 246
10 12 16 17 20 25 26 31 35 37 47 49 58 59 60 67 70 94 97 109 110 111 120 125 128 138 142 143 149 157 162 166 177 178 182 193 194 196 197 201 204 208 209 210 212 215 216 219 227 230 231 232 234 236 237 249
11 21 24 39 40 41 43 44 45 50 53 63 68 73 75 82 83 84 89 95 105 112 114 117 118 122 132 133 148 149 152 154 160 161 165 174 181 182 183 184 185 189 195 197 203 207 209 214 216 217 219 222 227 235 237 239 245
12 13 14 16 17 19 23 29 32 41 57 59 73 74 76 83 87 91 92 93 111 123 125 126 131 132 134 142 149 153 160 165 171 176 181 186 188 189 192 196 198 199 203 205 208 218 222 228 231 234 237 243
13 19 21 32 46 47 54 67 68 69 70 84 85 86 106 127 128 148 155 160 169 175 177 179 181 191 200 203 206 208 214 216 219 227 230
14 23 24 28 45 54 75 76 77 79 80 96 97 99 103 111 128 132 133 134 136 139 141 142 154 160 161 162 169 174 178 183 185 193 196 199 202 211 215 220 227 230 231 239 242 244
15 26 29 35 46 47 51 57 64 66 77 81 84 85 86 104 117 121 126 130 134 135 136 140 146 151 163 166 169 174 175 176 177 179 185 186 200 201 211 218 226 232 236 237 239 240
16 25 27 30 33 37 41 45 46 57 58 59 62 63 65 69 71 74 106 112 117 123 127 135 139 143 148 152 156 160 162 168 173 180 182 186 189 195 197 203 204 206 207 214 222 228 237 238
17 20 24 26 28 38 39 46 50 53 57 58 59 60 61 62 63 65 72 73 84 88 89 96 104 108 113 115 118 125 127 133 138 168 175 184 191 198 199 212 228 229 230 231 235 236 239 244 245 247
18 33 50 56 67 71 77 84 89 93 99 105 112 113 114 115 116 120 123 126 132 136 145 146 158 160 162 164 169 172 180 181 184 189 199 200 201 202 210 211 216 221 235 249
19 23 27 28 34 49 51 56 58 63 65 66 70 73 80 97 104 105 118 130 133 135 138 139 140 153 155 156 166 176 179 180 182 193 194 195 196 197 202 204 207 212 215 216 217 220 221 225 229 232 239 240 242
20 24 28 36 44 47 53 59 61 64 66 68 73 82 85 86 90 93 97 102 110 112 114 116 123 141 148 165 169 178 182 188 199 203 212 218 229 234 236 239 241 247 248 249
21 27 29 34 35 37 43 45 48 51 56 57 59 64 74 75 78 83 89 91 97 104 106 111 114 117 120 129 134 145 146 148 149 150 151 153 154 157 163 168 172 185 190 191 201 205 207 211 213 214 225 226 232 235 244
22 23 24 41 42 44 45 50 63 64 68 70 72 76 80 82 90 92 95 105 109 112 118 120 142 143 145 152 157 176 180 185 189 215 223 229 230 232 236 240 243 245 247 248
23 30 35 68 78 81 84 89 99 122 130 131 146 148 149 150 152 160 162 169 170 171 183 194 197 200 208 210 211 216 217 224 227 228 230 231
24 36 42 51 63 67 69 84 93 118 122 130 135 138 145 146 148 149 152 163 170 177 193 196 206 207 210 217 222 223 224 226 227 229 231 232 241 244
25 27 34 36 37 45 49 53 61 64 70 75 78 80 89 92 94 99 109 110 111 125 133 148 149 150 164 165 176 180 188 189 190 196 201 211 212 213 216 226 228 234 236 240 244
26 28 31 32 33 35 41 45 55 65 68 76 78 80 81 83 88 93 97 103 108 111 115 120 122 123 134 136 138 141 156 162 165 167 174 176 180 181 188 194 210 216 222 231 238 244 246 248 249
27 29 31 32 44 49 55 57 61 63 65 75 77 79 83 88 92 96 104 106 113 116 117 119 120 121 130 131 132 133 140 143 148 153 154 157 163 164 165 170 175 178 190 196 198 200 205 214 218 223 227 234 244
28 37 41 46 48 49 57 64 65 67 77 78 79 81 83 84 86 107 109 113 120 126 139 143 147 164 167 173 175 176 179 191 196 198 208 211 214 219 220 225 240 244
29 40 49 53 55 59 69 73 75 86 90 94 107 110 111 113 118 122 134 136 137 144 149 151 156 191 192 194 198 218 219 231 241 242 244 245
30 33 36 39 40 41 42 48 51 54 56 57 64 73 80 84 85 93 94 98 104 117 132 148 156 158 159 166 170 175 194 199 203 204 207 221 222 229 240 243 244 249
31 32 37 38 43 46 47 49 52 54 55 57 59 62 63 77 79 85 87 98 112 114 115 123 129 130 137 153 154 156 163 165 176 177 178 181 189 191 197 202 205 212 222 223 228 231 240 246 247
32 34 39 49 55 56 59 61 63 69 72 84 94 102 111 125 135 140 143 145 150 151 155 156 158 166 177 178 184 193 199 200 202 203 208 210 213 218 220 231 238 243
33 43 55 56 59 60 62 74 75 77 81 87 98 104 107 141 146 154 156 167 169 172 177 178 181 184 186 188 194 208 215 217 229 230 236 245
34 40 43 46 62 63 64 66 67 73 81 83 93 95 97 101 113 115 118 123 126 146 152 163 168 172 176 180 185 188 194 195 199 206 207 215 217 223 224 226 228 236 240 243 247
35 38 50 55 80 81 83 94 104 106 116 131 136 141 148 150 155 166 176 185 189 197 207 208 211 212 213 214 216 224 225 227 234 240 244 247 249
36 40 49 56 58 60 61 64 65 66 77 82 84 86 97 100 122 128 135 138 139 141 152 154 159 161 162 172 178 187 213 214 217 220 222 226 228 230 237 240 248
37 48 49 53 54 55 60 61 62 73 77 80 88 90 96 97 99 100 120 121 127 139 146 149 155 160 167 169 178 180 181 182 189 190 198 219 221 223 224 226 231 235 246
38 39 42 46 49 50 51 62 66 68 79 87 95 96 97 99 100 101 103 106 110 132 135 137 146 148 149 156 176 184 186 189 197 201 202 212 220 225 236 238 245 249
39 43 44 58 65 66 74 79 85 91 98 101 107 108 113 118 120 128 150 153 156 158 159 162 170 172 182 193 196 197 201 202 203 205 216 220 222 225 227 241 242 245
40 41 42 43 48 49 50 52 58 68 71 83 85 88 93 97 98 102 103 107 110 114 115 125 126 135 138 143 147 151 152 158 170 174 179 180 183 188 193 194 201 202 207 217 220 224 225 226 228 239 241
41 50 56 66 75 80 82 84 87 88 101 105 107 114 121 122 134 137 141 152 153 159 160 167 174 179 183 191 201 209 210 213 215 216 220 224 228 234 235 237 241 247
42 62 66 70 73 75 76 83 84 91 92 113 114 116 120 123 124 125 127 128 136 144 148 150 151 160 161 169 181 183 185 186 190 191 192 197 200 204 208 219 220 227 228 229 230 234 238 240 248
43 47 51 52 57 75 77 94 96 99 102 112 117 122 131 138 158 159 164 168 170 175 176 187 190 193 197 198 201 206 217 220 221 222 223 230 242 245 246
44 46 47 48 52 54 71 73 74 90 91 92 94 99 105 108 112 117 118 120 125 129 130 134 141 142 150 153 157 169 173 174 190 200 216 221 229 232 237 239 244 246 248
45 56 57 63 64 65 70 77 80 81 83 89 101 103 104 107 117 126 127 129 138 140 150 156 158 162 163 168 171 177 180 182 191 195 198 200 201 208 213 214 219 220 222 234 237 249
46 55 62 70 72 76 80 90 92 99 102 103 104 107 113 120 127 135 138 144 150 151 156 163 175 195 199 200 211 214 220 227 237 247
47 50 52 71 73 77 93 95 99 101 102 106 108 109 118 135 138 139 145 151 156 158 174 184 185 186 188 207 212 224 225 239 243 245 247
48 52 53 61 63 64 71 76 81 90 98 104 108 121 126 128 132 161 166 167 168 173 176 182 183 187 190 202 204 205 206 213 214 227 230 238 240 243 244
49 50 79 84 106 108 109 122 127 129 143 147 148 154 157 165 171 174 181 183 187 190 194 197 198 207 211 215 219 222 227 232 234 239 243
50 54 56 57 63 73 77 81 87 97 99 121 123 125 126 131 134 136 137 143 145 151 163 166 167 170 172 178 183 185 189 196 206 214 220 222 235 239 244 246 249
51 54 60 64 66 67 69 79 83 99 107 110 112 113 116 119 120 121 128 134 138 141 142 145 147 148 153 155 157 162 163 168 178 182 200 202 204 214 219 221 222 226 231 233 235 243 247
52 54 69 73 91 93 96 99 101 110 116 117 122 140 141 150 152 153 155 160 161 164 172 174 180 196 198 213 215 217 218 220 223 241
53 54 59 61 64 70 71 75 77 83 92 96 97 109 116 119 122 137 141 143 152 155 156 166 177 178 179 182 187 196 205 210 211 217 223 225 237 242
54 58 61 69 75 76 79 87 91 101 105 107 108 111 112 116 120 134 135 138 145 147 153 154 156 157 158 162 163 166 171 173 177 180 190 203 205 206 209 214 217 222 228 234 236
55 56 57 60 62 64 68 72 73 77 79 95 102 115 117 124 125 127 131 133 138 140 146 153 172 174 186 188 196 205 206 210 212 214 217 220 224 237 240 242 249
56 57 58 61 71 74 78 81 83 98 101 104 106 109 110 114 123 126 133 134 151 153 158 176 179 192 198 200 212 218 221 227 229 230 234 238 239 240 243 244
57 58 65 66 70 73 74 77 80 85 87 96 98 106 108 113 115 121 123 133 134 142 156 164 176 177 184 188 190 191 193 194 197 201 210 211 234 235 239 242 247
58 72 75 98 102 109 116 118 125 126 127 129 130 142 143 145 153 160 161 171 179 180 182 192 193 196 197 199 200 211 220 221 224 228 231 237
59 69 71 76 79 83 85 88 92 95 100 103 104 122 129 136 138 140 151 183 187 191 192 196 198 201 215 218 225 226 228 231 237 243
60 62 63 66 68 80 83 91 102 104 105 109 110 112 114 116 127 132 135 136 140 143 148 149 152 156 173 175 176 180 185 189 201 208 212 215 219 222 233 237 240 247
61 63 66 68 73 84 86 89 93 95 99 105 112 115 121 122 126 127 130 131 138 142 144 152 162 167 171 173 185 188 192 194 198 202 206 207 211 231 234 242 244 247
62 68 72 76 99 100 101 102 103 108 125 126 135 143 151 163 167 171 199 201 202 213 214 215 227 228 234 242 246 247
63 64 69 72 75 78 83 86 89 90 103 107 109 110 112 117 119 126 132 139 141 142 153 156 157 162 181 185 187 188 193 202 215 218 223 225 228 231 235 241 247
64 65 66 69 72 89 90 95 114 120 130 132 136 164 167 168 170 175 182 192 203 204 207 210 216 220 222 234 236 244 245 248
65 72 74 77 79 80 81 83 85 88 105 106 113 125 126 131 134 138 152 153 154 159 162 165 174 180 181 182 186 212 215 217 218 219 220 221 227 228 231 234 235 236 243 245 247
66 71 75 77 95 102 103 107 108 116 125 126 129 132 137 141 146 152 154 156 160 161 164 172 174 176 184 185 194 204 206 208 219 221 226 227 231 236 237 241 242
67 72 78 79 85 86 89 102 103 124 125 140 142 145 162 166 169 170 179 182 186 187 193 197 198 202 208 210 215 217 218 221 239 245
68 69 71 72 76 84 91 94 95 101 104 114 115 119 125 141 144 156 157 158 161 162 166 169 172 174 177 179 184 185 192 195 197 200 201 218 223 224 227 228 232 242
69 83 84 89 91 99 111 114 117 118 120 123 124 125 142 147 148 152 159 164 174 183 184 193 196 205 209 224 232 242
70 73 80 85 86 88 97 98 103 108 114 118 119 133 134 135 138 143 152 153 157 170 176 194 196 199 201 206 210 211 216 222 226 234 236 239 242 246 248
71 74 75 76 78 81 85 95 96 107 108 115 116 128 129 135 137 138 141 147 152 161 162 163 170 172 173 181 193 204 205 207 214 227 234 239 240 244
72 73 78 86 89 95 100 103 104 106 108 109 113 117 122 124 126 128 131 133 135 143 144 149 162 167 190 195 197 202 208 210 211 216 221 226 227 246 248
73 81 85 89 106 108 110 116 124 129 141 143 146 148 152 157 160 163 182 185 186 191 192 197 200 205 229 230 235 237 241 243
74 76 78 85 89 90 94 96 97 100 110 119 121 122 123 125 130 134 139 145 151 156 170 172 174 177 195 197 198 203 205 207 211 215 216 219 223 238 240 248 249
75 76 91 93 102 103 111 118 119 124 131 136 140 145 152 159 160 164 170 175 176 177 178 179 192 197 201 208 219 222 223 233 234 238 242 244
76 77 84 89 91 94 99 101 104 111 114 116 117 128 129 131 135 139 142 144 148 149 153 154 155 158 164 165 172 175 176 179 181 185 189 194 195 196 197 200 213 215 219 222 247
77 83 84 85 87 90 93 97 101 106 108 116 118 120 124 127 128 144 149 153 157 161 164 171 178 184 193 197 203 209 225 226 229 245
78 80 83 84 89 97 98 105 108 111 112 118 123 130 132 133 135 137 144 148 150 153 159 164 167 174 183 184 190 198 205 207 211 212 213 220 226 227 228 232 233 238 242 245
79 92 94 95 96 104 106 108 114 117 119 125 128 132 140 142 143 148 154 158 164 174 186 188 189 200 201 210 219 225 231 234 241 248
80 81 82 104 105 110 113 117 119 120 128 130 142 157 161 162 176 177 183 187 195 207 217 220 226 235 243 248
81 85 97 99 100 103 107 108 111 114 117 122 128 132 142 143 144 156 159 161 163 186 191 197 210 212 213 214 225 239 243 244
82 88 104 110 139 141 147 148 156 158 161 175 178 179 182 185 194 199 203 205 207 215 216 217 243 246
83 85 86 88 101 109 113 120 122 125 131 132 135 143 144 149 155 158 159 161 162 165 177 180 184 189 195 216 217 223 241 244
84 91 94 97 106 110 112 116 129 137 144 151 154 155 158 161 162 163 169 174 175 176 182 184 187 200 203 204 208 211 212 221 229 232 242 246 248 249
85 99 101 104 106 115 123 125 127 129 137 143 145 146 150 157 160 168 174 175 176 183 185 188 191 206 211 213 217 218 219 220 223 227 230 242 243 248 249
86 90 98 99 108 122 123 129 130 147 148 154 155 156 162 163 183 186 197 204 206 217 218 220 222 233 237 239
87 91 101 102 104 114 119 120 122 126 135 137 144 153 154 161 172 176 177 179 186 189 192 202 205 219 220 227 228 231 234 236 237 241 243 246
88 97 102 105 106 109 112 114 115 127 129 145 146 150 152 153 161 164 167 169 170 172 179 181 184 185 192 203 209 211 217 230 234 235 236 239 242 244 246 249
89 95 98 100 106 108 115 116 125 132 138 140 142 155 160 168 169 171 184 187 192 199 210 217 232 237 239 244 248
90 107 117 123 133 144 146 149 154 156 159 166 170 178 187 194 195 198 201 208 210 213 217 224 225 227 233 236 245 248
91 92 95 96 97 111 123 124 137 139 143 151 158 161 162 166 168 170 173 175 178 184 186 189 190 193 194 195 205 210 212 223 231 242 248
92 101 104 112 113 114 129 139 140 141 143 157 164 182 183 184 187 188 189 197 199 202 211 213 218 224 240
93 96 99 101 104 111 112 113 116 123 126 151 154 162 167 169 170 178 190 191 196 200 203 214 221 225 229 230 233 239 246 247 248
94 110 113 121 122 134 137 145 151 152 153 154 161 165 166 174 184 191 193 199 215 216 232 235 242 246 247
95 96 107 108 122 123 124 129 139 142 144 148 154 158 169 173 174 175 181 185 192 198 199 201 202 210 211 217 224 225 227 230 231 236 240
96 98 121 123 131 151 166 169 172 175 177 186 189 211 212 216 226 229 233 243 244 245 248 249
97 102 105 115 116 130 133 135 147 156 157 162 166 167 168 175 195 196 202 206 221 223 228 230 238 243
98 99 113 115 116 120 123 141 156 161 163 166 169 174 192 195 196 197 198 199 200 201 211 226 229 233 240 246
99 100 101 109 123 124 131 138 145 146 147 160 162 167 171 172 175 178 179 196 208 211 214 215 241 245 249
100 110 117 120 123 134 139 144 146 147 154 155 157 163 170 174 175 190 195 203 206 208 210 216 217 219 223 230 231 244 245 248
101 104 113 115 120 121 126 128 130 136 139 144 146 147 152 158 160 165 168 173 174 175 181 194 197 200 202 205 211 214 231 235 236 248
102 103 105 113 114 115 117 118 128 133 135 136 138 140 147 153 154 156 157 160 162 166 168 169 170 171 175 181 184 187 196 198 199 201 214 215 217 220 224 225 226 230 233 234 245 246 247 249
103 104 105 106 112 115 122 125 129 132 138 141 143 153 157 166 169 170 172 178 180 194 200 203 204 209 212 224 225 228 233 234 243 246 249
104 112 113 116 120 123 131 142 156 161 164 165 171 179 182 187 197 199 201 206 214 216 219 223 224 232 234 238 248
105 110 111 115 119 124 126 127 133 134 136 138 139 159 161 173 176 177 188 202 203 206 209 213 215 218 231 233 243
106 108 113 117 118 127 129 132 133 140 148 160 165 167 169 175 177 182 186 191 194 198 206 211 212 217 222 223 224 228 233 237 241 249
107 135 146 153 157 165 169 170 185 186 187 189 190 195 212 214 215 221 222 226 229 232 238 245
108 109 116 130 138 151 152 159 161 175 177 179 187 197 198 199 202 205 207 208 212 222 225 242
109 110 120 123 129 130 133 142 147 149 151 155 162 165 168 172 175 176 179 181 189 190 197 202 210 214 217 232 235 237 239 240 249
110 111 115 119 125 126 135 137 138 139 145 146 147 153 155 160 169 174 175 176 184 195 202 205 207 209 225 232 238 239 246
111 113 117 121 134 147 165 166 170 172 186 195 199 201 202 207 210 214 221 222 225 226 232 235 237 245 249
112 131 132 135 136 148 151 164 166 176 179 180 183 194 198 200 206 209 210 214 215 221 229 230 234 236 240 249
113 114 118 124 137 138 142 145 148 150 156 161 162 166 174 178 182 193 197 200 210 212 215 226 227 228 231 232 233 242 246
114 117 119 122 124 125 126 128 132 134 142 143 144 147 149 157 158 161 171 176 179 180 183 186 192 199 200 203 221 229 233 235 239 240 249
115 116 119 129 132 138 140 141 146 151 154 162 171 172 173 174 183 191 203 213 217 220 221 228 235 238 245
116 123 125 131 132 133 135 147 148 153 155 159 161 165 170 171 197 198 201 220 231 237 238
117 120 127 128 129 132 133 135 148 154 164 167 168 170 180 190 192 194 199 200 207 208 212 218 219 227 234 236 238 241 245 247 248
118 120 123 125 132 149 153 155 160 162 166 170 173 177 178 179 181 184 188 195 198 206 215 221 224 225 226 228 231 232 234 244 247
119 128 129 135 140 143 154 157 160 165 173 174 180 187 188 193 211 229 232 243 244
120 128 135 147 150 151 152 159 163 164 169 171 179 181 184 188 193 195 198 200 202 207 212 215 216 218 220 225 230 239 243
121 122 131 158 165 172 176 180 191 192 197 199 202 203 205 209 212 214 221 232 245 249
122 137 141 147 162 163 171 176 178 179 184 192 194 199 201 204 208 219 223 227 230 231 235 240 242 244 249
123 124 128 130 132 142 147 148 151 168 178 181 184 192 193 201 205 210 215 216 220 227 229 234 235 238 244 248 249
124 129 135 136 138 144 145 155 160 163 181 182 189 194 205 208 216 222 227 230 232 234 237 245
125 138 141 142 148 150 165 169 171 178 181 183 186 189 200 210 212 214 215 222 226 232 236 245
126 143 149 154 158 166 173 179 184 187 198 201 204 208 209 210 216 223 232 236 238 242 243 247
127 130 132 142 145 148 153 155 159 164 168 176 177 200 204 206 215 219 224 225 228 229 240
128 129 130 139 144 145 149 161 163 170 176 180 187 188 189 190 195 204 205 208 209 226 231 239 241 244 247 249
129 141 144 154 165 171 173 183 184 186 187 190 194 195 199 203 210 216 230 235
130 132 137 138 139 144 154 171 175 176 177 184 188 206 209 214 225 234 237 242
131 136 143 147 154 157 163 178 180 181 186 191 194 200 203 204 205 207 209 210 211 221 223 233 235 239 241
132 142 145 146 152 155 158 162 166 168 174 182 184 192 193 194 197 198 201 204 212 215 229 232 234 240 244 246 247
133 139 142 143 151 153 155 162 167 168 173 178 183 185 186 192 194 199 202 204 218 230 234 236 238 239 241 247
134 135 139 140 150 156 161 162 174 192 196 201 202 217 222 223 232 240 245 246
135 137 139 141 148 160 161 179 189 190 192 199 204 205 208 212 217 218 225 229 237 241 243 245 246
136 141 142 146 153 155 158 159 165 172 176 186 187 192 195 200 201 208 213 216 220 227 230 237 244 246 248
137 139 146 149 150 157 179 181 183 190 196 200 201 202 210 211 217 224 228 231 239 241 247
138 139 141 142 150 153 160 164 175 186 189 202 208 220 226 228 229 230 235 240
139 144 152 156 177 197 201 202 208 222 225 229 249
140 148 150 162 163 165 171 173 185 188 191 195 200 203 204 216 220 223 230 231 236 238 246 247
141 146 161 162 166 167 174 177 189 190 193 197 201 210 221 228 230 236 237 241 249
142 146 148 150 157 158 160 175 182 183 184 191 192 194 195 199 206 208 217 222 229 237 242
143 145 149 158 165 171 173 180 182 199 201 205 206 207 213 214 215 222 224 228 233 238 241
144 146 148 150 161 166 167 169 177 179 186 187 193 199 204 205 208 212 219 231 232 240 245
145 146 152 158 167 170 175 176 184 190 198 199 204 206 226 238 240 241 243 248
146 149 152 153 157 158 159 172 184 185 202 208 209 210 214 227 229 242 243 247 248 249
147 149 153 155 165 171 177 179 183 185 187 190 196 202 209 210 216 220 222 226 228 243 244 245 246
148 152 156 158 167 172 181 183 185 193 199 202 205 207 210 224 227 228 238 240 247 248
149 157 160 169 171 180 185 189 192 196 198 200 202 209 210 223 226 227 228 234 240 241
150 162 164 166 167 176 178 184 185 188 194 196 197 209 212 213 215 216 225 228 236 237 238 243 244 245 248
151 163 168 170 173 180 183 188 204 205 227 230 232 236 238 240 248
152 154 167 169 175 186 197 200 206 217 219 221 228 229 243 247 249
153 159 168 174 175 179 185 188 192 197 199 200 201 210 220 221 229 235 237 244 247
154 160 162 163 181 185 189 195 196 204 209 210 214 223 224 230 243 247
155 156 162 172 175 178 184 185 189 191 194 211 219 231 239 242 243 245 249
156 157 161 166 167 169 184 185 186 192 198 199 205 217 235 239 240 243 246
157 158 159 164 166 167 172 180 188 189 190 195 198 199 204 212 220 221 230 243 247
158 173 174 179 183 185 190 191 195 197 204 206 214 216 220 222 225 228 229 230 231 235 238 245 249
159 164 167 172 174 177 180 184 189 198 207 212 215 221 224 235 245 247 248
160 165 166 168 170 184 185 191 195 205 210 211 214 217 223 228 232 244
161 162 168 173 178 179 184 189 199 202 203 210 212 215 217 223 246
162 165 188 193 209 212 215 216 223 225 227 231 232 240 247 249
163 172 173 176 184 187 193 195 198 204 208 213 216 221 228 230 232 233 234 242 244
164 171 177 182 196 201 204 208 209 219 221 230 232 234 238 242 247
165 170 177 181 184 187 191 193 195 199 203 207 210 226 227 229 233 234 246
166 167 168 174 177 192 204 214 248
167 169 171 187 189 193 200 201 202 209 210 211 212 222 229 241 244
168 171 186 187 190 194 199 202 208 216 217 218 219 224 234 235 237 238 240
169 172 175 176 177 178 180 205 208 209 211 214 216 220 229 239 240 242 244
170 173 187 195 201 207 210 215 221 222 226 227 234 245
171 175 182 187 188 199 203 206 208 214 215 223 224 227 236 239 240 246 249
172 177 182 185 187 197 201 204 209 213 215 219 226 234 235 239 243
173 184 187 205 209 213 216 219 220 224 227 228 233 236 238 248
174 188 190 195 201 212 213 222 223 228 231 244 248
175 177 180 187 190 191 194 210 211 213 216 227 232 249
176 179 181 183 194 196 201 207 217 221 224 228 248 249
177 189 199 204 206 208 211 213 234 240 241 244 246 248
178 179 182 186 188 193 194 198 202 203 204 207 209 213 218 220 227 231 235 239 241 246 247
179 185 186 187 194 212 213 222 225 227 234 235 242 249
180 195 198 199 211 224 225 237 239 242 243 247
181 184 189 190 191 192 193 201 202 217 219 220 222 224 231 234 240 241 242 246
182 184 185 196 206 207 208 211 214 220 233 238 241 248
183 187 188 201 203 206 218 230 236 244 246
184 190 197 201 203 207 210 211 212 216 222 227 229 234 240
185 187 188 197 201 204 206 210 212 218 231 232 234 236 242 245 247
186 187 188 189 190 203 209 212 213 216 217 218 221 227 229 232 237 240 242 243 249
187 193 194 197 200 232 242 247 249
188 193 207 224 227 229 232 237 248
189 191 193 196 200 202 209 211 217 219 235 244 248
190 200 201 202 203 204 208 217 224 226 227 228 231 240 242
191 196 200 203 215 229 230 231 234 242 247
192 193 199 210 216 218 228 234 242 247
193 197 205 207 210 216 217 219 225 230 234 235 238 243 245
194 196 199 203 211 215 223 227 235 248
195 198 208 210 224 226 227 230 233 247
196 198 202 205 218 221 222 228 239
197 198 203 206 212 215 225 232 233 234 236 244 248
198 201 208 212 221 226 230 235 241 247
199 203 215 224 226 249
200 210 216 218 231 233 243 247 249
201 202 206 207 209 213 217 220 227 231 235 239 241 242 247
202 203 208 209 213 216 218 221 224 225 228 233 240 242 244
203 214 221 223 228 229 232 237 241 249
204 212 221 233 238 248 249
205 228 231 236 240 243 246 249
206 210 212 217 221 222 225 226 232 239 242 245
207 212 215 219 221 235
208 211 228 247
209 235 239 248
210 216 218 228 230 231 241 242
211 216 217 220 224 228 235 241 244 246
212 218 219 222 225 226 233 239 242 247
213 217 224 234 249
214 234 240 242 245
215 218 226 227 228 235 238 239 245 249
216 220 221 235 239
217 219 231 241 247
218 219 223 225 229 236 238 247
219 225 227 228 231 233 242 244 245 249
220 222 227 231 238 249
221 228 229 237 242 245
222 223 239 240 247
223 227 228 242 243 248
224 225 232 233 244
225 228 239 243 245 246
226 234 235 237 241 244
227 231 234 235 237 243
228 245 247
229 237 239 244 247
230 231 232 239 244 246 247
231 236 244 246
232 233 234 237 245
233 234 239 242
234 240
235 237 240 242
236 244
237 238 246 249
238
239 248 249
240 247
241 242
242 244 245 248
243 244
244 245 247
245 246 247
246
247
248
249
