#
# GMT Fri Dec 15 20:54:15 2023
# 
0 3 11 19 37 39 53 61 98 100 136 220 221
1 52 60 128 142 232 236 248
2 23 27 28 30 43 92 93 106 115 123 130 174 178 179
3 24 48 65 76 96 103 119 126 135 202 204 205 228
4 12 57 88 90 107 110 168 184 194
5 10 28 31 42 55 61 63 78 98 148 153 176 203 206 225 229
6 17 19 22 23 37 86 109 124 135 211 228
7 10 23 30 33 40 51 52 73 83 108 145 148 150 159 177 180 238
8 14 41 50 57 70 95 159 175 197 204 205 210
9 57 69 98 101 129 136 203
10 20 37 47 94 125 128 138 157 196 197 209 219 236
11 40 63 95 133 148 207 217 219
12 16 17 29 41 83 111 123 149 188 198 228 231 243
13 21 46 47 69 70 84 86 127 155 169 179 181 191 200 214 216 230
14 24 45 79 162 215 231
15 121 135 174 175 179 185 211 239 240
16 25 58 62 117 127 139 148 168 173 182 222 237
17 20 26 63 115 127 133 138 175 191 198 199 212 231 244
18 84 112 113 115 211
19 23 27 58 66 73 97 104 118 139 166 182 194 196 202 207 215 225 232 239
20 47 61 66 141 165 229 234 249
21 48 51 64 120 148 149 153 157 163 172 190 232 235 244
22 23 68 76 92 142 215 236
23 30 84 150 170 228 231
24 36 51 118 193 196 217 226 244
25 53 61 92 110 133 149 150 176 188 234 236
26 31 32 33 45 68 88 93 103 134 138 238 246 248 249
27 29 79 88 104 133 143 163 164 165 223
28 49 57 78 84 109 126 147 175 196 211 220 225 240
29 55 69 94 122 151 191 192 244 245
30 41 48 148 158 159 166 203 204 222
31 37 54 62 77 115 129 163 202 228
32 56 94 135 145 156 178 193 199 213 231
33 43 81 104 107 156 169 178 186 236
34 63 73 81 95 118 152 163 168 176 206 207 223 224 243
35 104 136 185 234 240 244
36 40 58 86 97 172 220 240
37 49 53 73 80 90 100 139 146 190 235
38 39 49 66 68 99 100 132 137 146 202 225 249
39 91 128 162 205 225 245
40 50 88 97 98 103 110 114 125 126 147 194 225
41 84 101 107 137 153 159 174 191 210 228 237
42 91 124 160 161 169 191 197 204 219 228 230
43 117 158 168 187 193 197 201 242
44 47 48 99 105 108 125 157 169 200 216 229 237
45 56 57 64 81 103 127 171 177 213 219 234
46 80 104 175 195 200 214 237
47 50 52 71 106 156 174 184 186 188 225 239 243
48 98 173 190 204 227
49 50 84 109 157 194 197 198 207 211 215 234
50 54 56 77 131 136 137 222 235 239 246 249
51 60 66 67 112 116 121 138 145 155 157 168 204 226 231
52 54 91 93 116 150 160 196 215 217 218 241
53 59 61 71 75 83 96 116 137 141 143 166 223 237
54 58 61 87 91 101 156 157 163 166 171 205
55 68 73 125 186 188 205 240
56 57 81 83 110 151 153 176 230
57 66 73 80 87 96 98 106 121 176 177 210 247
58 142 145 171 182 197 228
59 100 129 140 201 215 226
60 66 68 91 110 112 116 132 148 173 176 212 222 233
61 66 84 99 127 173 185 192 198 202 231
62 68 76 100 103 201 213 215 228
63 64 72 83 86 103 110 112 119 141 193 218
64 120 130 164 170 220 245
65 77 88 106 138 162 186 218 231 234
66 71 108 126 156 184 194 204 219 231 237
67 86 145 208 217
68 69 72 76 84 104 114 144 156 158 200
69 117 120 125 142 159 164 224 232 242
70 108 194 199 222 226 236 248
71 74 75 78 95 96 108 115 138 181 193 205
72 73 95 100 108 135 149 167 202 208 227
73 89 160 182 185 205 241 243
74 123 139 170 198 203 211 238
75 91 102 111 119 136 152 159 160 178 179 197 222 242
76 77 84 99 148 155 164 181 196 200 213 215
77 97 108 120 124 153 203 229 245
78 84 97 98 130 132 144 207 232 242
79 92 95 96 104 117 201 225 231 248
80 104 142 161 217 226 235 243
81 103 107 111 117 128 144 159 161 191 210 212 213 214 243
82 175 185 203 205 215 216 243
83 122 143 165 241
84 110 116 151 175 200 204
85 115 125 127 176 206 213 227 230 249
86 98 99 108 123 154 206 217 233
87 101 135 137 153 177 202 205 219 220 228 236
88 109 164 167 169 172 203 230 234
89 100 140 155 239 244 248
90 159 166 195 217 225 236 245
91 111 124 168 178 184 190 210
92 112 113 114 139 182 224
93 116 154 162 169 191 200 214 230 248
94 113 121 151 153 165 235 242 247
95 108 129 139 148 174 175 227
96 98 175 189 211 229 244
97 102 115 167 223 230 238
98 169 195 199 233 240 246
99 109 123 147 179 214 241
100 134 170 208 223 244
101 126 130 139 144 152 173 181 197 200 205 211 214
102 103 168 169 171 181 214 217 224 225 233 234 247
103 143 180 224 246
104 112 142 161 171 232
105 111 188 203 215 218 233
106 118 169 177 186 211 212 217 223 233
107 165 186 212 221 222 226 229 232 238 245
108 130 138 159 179 207 208 222
109 110 142 147 151 162 165 172 179 210 214 240
110 111 119 125 146 153 174 175 239
111 147 166 172 210 221 235 249
112 198 200 236
113 114 118 193 227 228 231
114 117 126 128 134 158 180 192 221 229 233 235 239
115 116 129 132 138 141 183 191 203
116 123 132 135 147 159 238
117 148 164 170 180 199 207 208 219 236 238 245 248
118 123 125 149 179 188 224 247
119 135 143 154 160 174 180 187 244
120 200 202 207 216 230 239 243
121 176 180 191 209 212 221
122 137 178 199 201 231 240
123 128 215
124 135 136 194 216 222 245
125 150 169 171 178 183 214 226
126 154 158 184 187 223 232 236 238 247
127 132 142 164 224 225 240
128 149 161 176 195 204 205 239 247
129 173 183 230
130 138 154 176 188 214 242
131 157 181 200 204 205 210 239
132 142 155 158 168 174 182 201 212 215 229 232
133 151 167 173 178 183 236 239 241
134 192 196 202 217 245
135 139 161 190 205 212 245
136 153 165 172 195 220 244 248
137 217 247
138 150 189
139 208
140 162 163 173 188 195 200 231 246 247
141 166 167 174 177 201
142 148 157 158 175 195 206 217 222 242
143 145 173 182 205 224 233 238
144 148 166 167 169 187 193 212
145 158 167 176 184 204 226 243
146 153 158 172 227
147 171 183 187 202 216 220
148 172 199 224 227 238 240 248
149 169 171 192 196 198 200 210 226 227 240
150 162 178 188 194 197 209 212 228 236 237 244 245 248
151 183 227 236 238
152 175
153 185 192 197 199 210 235
154 160 162 163 181 230 247
155 156 175 178 211 243 249
156 167 235 240
157 195 199 212 230
158 174 231 238
159 167 221 245
160 168 195 223 232
161 179 184 202 210 217
162 188 223 225 232 247 249
163 176 187 204 208 216 230 242 244
164 196 204 221 230
165 210 233
166 168 192
167 209 212 229 244
168 218 219 235
169 172 205 216 242 244
170 207 210 215 222
171 199 214
172
173 205 209
174 188 190 222
175
176 181 194 196 249
177 189 204 206 213 234 246 248
178 193 204 218 241 247
179 185 186 242
180 198 199 211 237 242
181 217 220 222 241
182 184 196 206 207 208 241
183 236 246
184 190 197 203 207 222 227 234
185 187 204 231 236
186 189 209 217 227 229 242 249
187 193
188 224 248
189 193 211 219 248
190 217 224 227 242
191 215 230 242
192 234 247
193 197 205
194 199 227
195 208 226 227
196 202 228
197 215 225 236 244 248
198 221
199 226 249
200
201 235 242
202 203 208 218 240
203 223 237 241
204 238
205 240 243
206 212 226
207
208 211 247
209
210
211 228 235
212 222 225
213
214 242
215 228 238 239
216 235
217 247
218 229
219 225 227 228 242 245 249
220 222 238
221
222 247
223 228 242
224
225 228
226 241
227 231
228
229
230 232 239 244 247
231
232 234 237
233 242
234
235 242
236
237 246
238
239
240
241
242 245
243
244 247
245
246
247
248
249
