#
# GMT Fri Dec 15 20:45:06 2023
# 
0 2 32 33 44 72 91 97 99 101 112 124 127 146 150 156 162 170 181 188 197 202 216 217 220 249
1 5 23 28 29 45 82 110 114 148 165 173 175 198 228 230
2 32 33 51 63 91 93 97 98 111 112 118 131 146 150 156 159 162 192 196 197 202 215 217 218 220 224 243 249
3 4 7 12 27 43 50 66 69 71 94 123 133 137 149 179 232 234 239 241 247 248
4 7 13 27 36 43 44 66 69 71 72 94 100 101 104 108 116 123 124 127 136 170 178 181 185 193 202 216 248
5 23 29 45 82 102 114 134 140 148 171 173 175 198 228 230 235
6 17 22 35 42 59 60 61 75 83 86 89 90 95 103 106 113 115 117 119 129 144 152 169 174 176 182 186 200 208 209 219 223 235 240
7 12 13 27 38 43 47 50 69 71 88 94 100 104 123 133 137 138 149 179 185 232 234 239 241 246 247 248
8 19 25 37 49 53 64 67 77 79 84 96 109 145 153 184 187 189 204 206 212 222 229 238
9 18 21 22 30 54 60 85 90 120 122 125 155 199 221
10 27 43 66 116 124 193 194
11 13 14 15 17 20 62 87 88 100 104 107 113 117 128 129 130 136 147 151 157 160 174 182 185 190 200 203 209 237 240 242 246
12 13 38 47 50 69 71 94 123 133 137 138 149 179 232 234 239 241 247 248
13 15 20 50 71 87 88 94 100 104 123 130 136 151 160 163 178 179 185 190 232 233 234 237 246 248
14 17 35 39 40 41 57 59 62 68 75 81 83 86 89 92 107 113 117 126 128 129 141 157 167 168 169 174 182 186 200 203 210 211 213 214 236 244
15 17 20 31 62 80 87 88 104 105 113 130 143 151 158 160 163 174 179 182 185 200 201 209 233 237 240 242 246
16 23 28 29 45 52 58 61 78 95 102 106 134 135 139 148 154 164 165 173 177 191 198 219 225 228
17 20 59 62 75 86 87 89 103 107 113 117 119 129 130 143 157 174 182 186 200 208 209 223 237 240 242
18 21 22 30 54 60 85 90 120 122 125 155 171 199 221
19 26 37 53 77 96 109 184 189 206 212 222
20 31 62 80 87 88 104 105 113 130 143 151 158 160 163 174 182 185 200 201 209 233 237 240 242 246
21 22 54 60 85 90 114 120 122 125 140 144 155 171 175 199
22 54 55 60 70 85 90 103 115 119 120 122 125 140 144 155 171 176 199 208 221 223 235
23 28 29 45 52 82 102 110 114 134 139 148 154 164 165 173 175 177 198 225 228 230
24 34 46 56 65 73 76 121 132 142 161 172 195 207 231 245
25 26 30 37 53 54 55 70 77 84 85 96 105 120 145 158 184 199 201 204 206 212 221 222 229 238
26 30 37 53 54 77 84 85 96 145 184 206 212 221 222 229 238
27 36 43 44 66 69 71 94 100 101 108 116 123 124 127 170 181 193 216 248
28 29 45 52 82 102 110 134 135 139 148 154 164 165 173 175 177 191 198 225 228 230
29 45 52 61 82 102 106 110 114 134 139 140 144 148 164 165 171 173 175 176 198 219 225 228 230 235
30 53 54 55 70 77 84 85 120 122 125 184 199 206 212 221
31 55 70 80 84 87 88 105 113 130 143 145 158 163 199 200 201 204 209 223 229 233 237 238 240 242
32 33 36 63 72 81 91 97 100 112 127 128 136 147 150 156 160 162 170 178 181 190 197 202 203 216 217 220 224 249
33 36 63 68 72 81 91 97 100 127 128 136 147 150 156 160 162 170 178 190 197 202 203 216 217 220 224
34 46 56 65 73 76 93 118 121 131 132 142 161 172 205 207 211 218 226 231 245
35 39 40 42 57 58 59 61 74 75 78 83 86 89 95 106 115 117 126 135 152 164 166 167 168 169 180 186 210 214 219 227 244
36 43 44 69 71 72 91 99 100 101 108 116 124 127 136 150 170 178 181 188 190 193 202 216
37 53 77 79 84 96 109 145 184 187 189 204 206 212 221 222 229 238
38 47 48 49 50 64 67 79 80 88 123 133 137 138 163 179 201 232 233 234 239 247
39 40 46 56 57 58 59 65 74 75 78 83 86 95 117 126 132 141 152 166 167 168 169 180 183 195 210 213 214 227 236 244
40 42 57 58 59 61 65 74 75 78 83 86 95 117 126 135 152 166 167 168 169 180 183 186 195 210 213 214 219 227 236 244
41 46 59 62 63 68 81 92 93 107 117 118 128 129 141 147 157 160 167 168 169 174 203 210 211 213 218 224 236 244 245
42 57 58 59 61 75 78 83 86 89 95 102 103 106 115 117 119 126 134 140 144 152 164 167 169 176 186 208 214 219 228 235 244
43 44 66 69 71 94 101 108 116 123 124 127 149 193 216 241 248
44 69 71 72 91 99 101 108 116 124 127 150 170 181 188 193 202 216
45 52 61 82 102 106 110 114 134 139 140 148 164 165 171 173 175 176 198 219 225 228 230 235
46 56 65 68 76 92 93 118 132 141 142 166 167 168 172 195 210 211 213 218 231 236 245
47 48 49 50 64 67 79 80 123 133 137 138 163 179 232 233 234 239 247
48 49 50 64 67 79 80 137 138 153 163 187 232 233 234 239 247
49 64 67 79 80 109 138 145 153 163 187 189 222
50 64 80 88 94 123 133 137 138 149 163 179 232 233 234 239 241 247 248
51 76 93 97 98 111 112 118 131 146 156 159 161 162 172 192 196 197 215 218 224 226 231 243 245 249
52 58 61 78 95 102 106 134 135 139 148 152 154 164 165 177 180 191 198 219 225 227
53 54 55 77 84 85 96 145 184 204 206 212 221 222 229 238
54 55 60 70 77 84 85 90 120 122 125 155 199 212 221
55 60 70 77 84 85 90 103 105 120 122 125 143 158 199 201 204 206 221 223 229 238 240
56 65 73 74 76 93 132 142 166 168 172 183 195 210 211 213 231 245
57 58 59 61 65 74 75 78 83 86 95 117 126 132 135 141 152 166 167 168 169 180 183 186 195 210 213 214 227 236 244
58 61 74 75 78 83 86 95 102 106 115 126 134 135 139 152 154 164 167 177 180 186 191 214 219 225 227 244
59 68 75 78 83 86 89 92 95 107 117 126 129 141 152 157 166 167 168 169 174 182 186 210 213 214 227 236 244
60 70 89 90 103 106 115 119 120 122 125 140 144 155 171 175 176 199 208 223 235
61 75 78 83 86 95 102 106 115 134 135 139 148 152 154 164 165 173 175 176 177 186 191 198 214 219 225 227 228 235
62 68 87 89 104 107 113 117 128 129 130 136 147 151 157 160 174 182 185 190 200 203 208 209 236 237 240 242 246
63 68 72 81 91 92 93 97 107 118 128 136 141 147 150 156 157 160 162 170 190 197 202 203 211 217 218 220 224 243 249
64 67 79 80 105 137 138 145 153 163 187 201 204 222 229 233 238
65 74 126 132 142 166 167 168 180 183 195 210 227 244
66 69 71 94 108 116 149 193 194 241 248
67 79 109 137 138 153 187
68 81 92 93 107 117 118 128 129 141 147 157 160 167 169 203 210 211 213 217 218 220 224 236 244 245
69 71 94 100 108 116 123 133 149 193 216 232 234 241 248
70 84 85 90 103 105 119 120 122 125 143 155 158 199 204 208 221 223 229 240
71 72 94 100 104 108 116 123 127 133 136 149 170 178 179 185 193 216 232 234 246 248
72 91 99 100 101 108 116 124 127 136 147 150 156 160 170 178 181 188 190 202 203 216 217 220
73 76 121 142 161 172 205 207 226 231
74 78 83 126 132 135 166 167 168 169 180 183 195 210 214 227 244
75 78 83 86 89 95 106 113 115 117 119 126 129 152 167 169 174 176 182 186 200 208 210 214 219 227 236 244
76 93 98 118 121 131 132 142 159 161 172 192 196 205 207 211 215 218 226 231 245
77 84 85 96 145 184 204 206 212 221 222 229 238
78 83 86 95 106 115 126 134 135 139 152 154 164 166 167 168 169 177 180 183 186 191 195 210 214 219 225 227 244
79 80 109 138 145 153 163 187 189 201 204 206 222 229 233 238
80 88 105 130 137 138 143 145 158 163 179 201 204 229 232 233 234 237 238
81 92 93 97 107 118 128 129 141 147 156 157 160 190 203 211 213 217 218 220 224 236
82 102 110 114 134 148 165 173 175 198 228 230
83 86 89 95 106 115 117 126 135 152 164 166 167 168 169 180 186 210 214 219 227 244
84 85 96 105 120 125 145 158 184 199 201 204 206 212 221 222 229 238
85 90 120 122 125 184 199 206 212 221
86 89 95 106 113 115 117 119 126 129 152 167 169 174 176 182 186 200 208 210 214 219 227 236 244
87 88 104 105 107 113 130 143 151 157 158 160 174 182 185 200 201 208 209 223 237 240 242 246
88 104 105 123 130 143 151 158 163 179 185 201 209 232 233 234 237 240 242 246
89 90 95 103 106 113 115 117 119 129 144 152 169 174 176 182 186 200 208 209 219 223 240 242
90 103 119 120 122 125 140 144 155 158 171 176 199 208 221 223 240
91 97 99 101 112 127 146 150 156 162 170 181 188 197 202 216 217 220 224 243 249
92 93 107 117 118 126 128 129 141 147 157 167 168 169 203 210 211 213 218 224 236 244 245
93 97 98 111 118 128 131 141 142 159 161 172 192 196 197 211 213 215 218 224 226 231 236 243 245
94 123 133 137 149 179 232 234 239 241 247 248
95 102 106 115 117 126 134 135 139 152 154 164 167 169 176 177 180 186 191 210 214 219 225 227 228 235 244
96 109 145 184 187 189 206 212 222 229 238
97 98 111 112 118 128 131 146 147 150 156 159 162 192 196 197 202 215 217 218 220 224 243 249
98 111 118 131 146 159 161 172 192 196 197 205 207 215 218 226 231 243 249
99 101 108 116 124 127 150 181 188 193 202 216
100 104 108 123 127 136 147 151 160 170 178 179 185 190 203 216 237 246
101 108 116 124 127 150 170 181 188 193 202 216
102 106 114 115 134 135 139 140 144 148 164 165 171 173 175 176 198 219 225 228 230 235
103 113 115 119 120 122 125 140 143 144 155 158 176 182 186 199 200 208 209 223 240 242
104 123 130 136 151 157 160 178 179 185 190 203 232 234 237 242 246
105 130 143 145 158 163 199 201 204 206 209 221 223 229 233 237 238 240 242
106 114 115 134 135 139 140 144 152 164 171 173 175 176 186 198 219 225 228 235
107 113 117 128 129 136 141 147 151 157 160 169 174 182 190 200 203 209 213 236
108 116 124 127 136 170 178 181 188 193 202 216 248
109 145 153 184 187 189 222
110 148 165 198 230
111 112 118 131 146 156 159 162 192 196 197 215 218 224 226 243 249
112 146 150 156 162 197 202 215 217 220 243 249
113 117 119 129 130 143 157 158 174 182 186 200 208 209 223 237 240 242
114 134 140 144 148 155 171 173 175 176 198 228 230 235
115 119 134 140 144 152 164 173 175 176 186 208 214 219 228 235
116 124 127 170 181 188 193 202 216
117 119 126 129 141 152 157 167 168 169 174 182 186 200 208 210 213 214 236 244
118 128 131 141 142 146 147 156 159 172 192 196 197 211 213 215 217 218 220 224 231 236 243 245 249
119 120 122 125 143 144 174 176 182 186 199 200 208 209 223 235 240 242
120 122 125 140 144 155 171 199 208 221 223
121 131 142 161 172 205 207 226 231
122 125 140 144 155 171 176 199 221 223
123 133 137 138 149 179 185 232 234 239 241 246 247 248
124 127 170 181 188 193 202 216
125 140 144 155 171 199 208 221 223
126 129 141 152 166 167 168 169 180 186 195 210 213 214 227 236 244
127 136 150 170 178 181 188 190 193 202 216 217 220
128 129 136 141 147 156 157 160 190 203 211 213 217 218 220 224 236
129 141 157 160 167 169 174 182 186 200 203 208 209 210 213 214 236 244
130 143 151 158 163 174 182 185 200 201 208 209 223 233 237 240 242 246
131 142 146 159 161 172 192 196 197 205 207 215 218 226 231 243 245 249
132 141 142 166 167 168 172 183 195 210 211 213 231 245
133 137 138 149 179 232 234 239 241 247 248
134 135 139 140 144 148 152 164 165 171 173 175 176 177 186 198 219 225 228 230 235
135 139 152 154 164 165 177 180 183 191 198 219 225 227
136 147 151 157 160 170 178 185 190 203 216 217 220 237 246
137 138 149 163 179 232 233 234 239 241 247
138 163 179 232 233 234 239 247
139 148 152 154 164 165 177 180 191 198 219 225 227 228
140 144 155 171 173 175 176 219 228 230 235
141 157 166 167 168 169 210 211 213 214 218 224 236 244 245
142 161 172 196 205 207 211 218 226 231 245
143 158 163 182 199 200 201 204 208 209 223 229 233 237 240 242
144 155 171 173 175 176 199 219 223 228 235
145 153 158 163 184 187 189 201 204 206 212 221 222 229 233 238
146 150 156 159 162 192 196 197 215 218 224 243 249
147 150 151 156 157 160 170 178 190 202 203 217 218 220 224
148 154 164 165 173 175 198 225 228 230
149 179 232 234 239 241 247 248
150 156 162 170 181 188 197 202 216 217 220 224 243 249
151 157 160 178 179 185 190 203 209 237 242 246
152 164 167 168 169 176 177 180 186 210 214 219 225 227 235 244
153 187 189 222
154 164 165 177 180 191 198 225 227
155 171 173 175 176 199 228 235
156 159 162 170 192 196 197 202 203 215 217 218 220 224 243 249
157 160 174 182 190 200 203 209 213 236
158 163 199 200 201 204 208 209 221 223 229 233 237 238 240 242
159 161 162 172 192 196 197 205 215 218 224 226 231 243 245 249
160 170 174 178 185 190 203 217 220 237 246
161 172 192 196 205 207 215 226 231 245
162 192 196 197 202 215 217 220 224 243 249
163 179 201 204 229 232 233 234 237 246
164 165 173 175 176 177 191 198 219 225 227 228 235
165 173 175 177 191 198 225 228 230
166 167 168 169 180 183 195 210 211 213 214 227 236 244 245
167 168 169 180 186 195 210 211 213 214 227 236 244
168 169 180 183 195 210 211 213 214 227 236 244 245
169 174 186 210 213 214 227 236 244
170 178 181 185 188 190 202 203 216 217 220
171 173 175 176 228 230 235
172 192 196 205 207 211 215 218 226 231 245
173 175 176 198 219 225 228 230 235
174 182 186 200 208 209 223 236 240 242
175 176 198 219 225 228 230 235
176 186 208 219 228 235
177 180 191 198 219 225 227
178 185 190 202 203 216 217 220 237 246
179 185 232 233 234 237 239 246 247 248
180 183 191 195 210 214 227 244
181 188 193 202 216
182 186 200 208 209 223 237 240 242
183 191 195 227
184 189 204 206 212 221 222 229 238
185 190 203 232 234 237 246
186 208 210 214 219 235 244
187 189 222 238
188 193 202 216
189 206 212 222 238
190 203 216 217 220 237 246
191 198 225 227
192 196 197 205 215 218 224 226 231 243 245 249
193 194 216
194
195 210 214 227 244
196 197 211 215 218 224 226 231 243 245 249
197 215 217 218 220 224 243 249
198 225 228 230
199 204 208 221 223 240
200 208 209 223 237 240 242
201 204 206 209 229 233 237 238 240 242
202 216 217 220 249
203 217 220 224 236
204 206 212 221 222 229 233 238 240
205 207 226 231
206 212 221 222 229 238
207 226 231
208 209 223 240 242
209 223 237 240 242 246
210 211 213 214 227 236 244
211 213 218 224 231 236 245
212 221 222 229 238
213 214 218 224 236 244 245
214 219 227 236 244
215 218 224 226 231 243 249
216 217 220
217 218 220 224 243 249
218 220 224 231 236 243 245 249
219 225 227 228 235
220 224 249
221 223 229 238
222 229 238
223 240 242
224 236 243 245 249
225 228
226 231 245
227 244
228 230 235
229 233 238
230 235
231 245
232 233 234 239 241 246 247 248
233 234 237 246
234 239 241 246 247 248
235
236 244 245
237 240 242 246
238
239 241 247 248
240 242
241 247 248
242 246
243 249
244
245
246
247 248
248
249
