#
# GMT Sun Oct 15 17:28:27 2023
# 
24 88 65 92 46 48
88 97 67 4 64
21 71 25 8 44 0
71 28 32 81 69
53 69 78 96 11 6
69 5 68 93
41 49 76 39 33 56
49 9 57 46 63
27 50 86 39 13 62
50 42 81 7 48
58 65 55 29 66 61
65 62 11 28
78 86 90 94 55
55 75 79 33
75 42 87 26 97
7 35 30 80 32
35 13 92 2 59
20 84 94 11 57 13
84 74 22 91 54
34 83 66 9 56 1
83 60 61 10 38
59 82 25 79 44
82 47 66 81 1
74 89 18 44 67
89 15 79 17 31
96 90 14 63 12
25 52 76 57
42 10 36 62
60 45 22 16 36
28 30 98 90
30 43 40 32
14 95 40 23 47
95 63 67 57 43
40 51 64 9
18 37 91 45 10
13 80 32
8 48 61 77 92
48 19 52
33 47 86 0
47 15 67
19 31 12 51 87
3 6 15 99 51 46
6 52 70 73
37 76 10 45 4
11 39 99
52 29 38
15 86 26
17 23 98 38 5
23 38 90 2
29 61 81 46
4 87 68 1
87 1 72
61 85
66 80 72
80 97 73
97 12 51
16 70 63 12 36
70 36 2 44
86 44
44
72 77 99 36
77 91 38 22
92 64 81
45 93 31
9 12 2
79 39 22
5 62 2 51
12
38
32 43
57 1
99 31 93
63 73
94 98 54 76
98 56 76
26 73 91 93
73 62
81
91 90
22 64
39 43
43 54
62
76
46 54
54 0
31 0
67 85
64 68
68 56 85
10 85
90
36
1
51
85 93
93
2
56 0
0
