#
# GMT Fri Dec 15 20:45:20 2023
# 
0 2 91 99 101 112 150 156 162 181 188 202 249
1 5 23 82 110 148 198 230
2 51 91 97 111 112 146 150 156 159 162 192 196 197 215 217 224 243 249
3 7 12 69 71 94 123 133 149 232 234 239 241 247 248
4 27 36 43 44 69 71 100 108 116 127 170 178 216 248
5 29 45 82 114 171 173 175 228 230
6 17 42 75 86 89 103 113 115 119 176 182 186 208 223
7 12 13 50 69 71 94 123 133 149 179 232 234 239 247 248
8 37 49 79 96 109 145 153 184 187 189 206 222 229 238
9 18 21 30 54 85 120 122
10 66 193 194
11 15 17 20 62 87 104 107 113 129 130 151 157 160 174 182 185 190 200 203 209 237 242
12 50 94 123 133 137 149 179 232 234 239 241 247 248
13 15 88 100 104 123 151 179 185 232 234 237 246
14 41 59 62 68 75 86 92 107 117 126 129 141 157 167 169 174 210 213 236 244
15 20 31 87 88 104 130 143 151 185 209 237 240 242 246
16 23 28 29 45 52 58 61 102 134 135 139 148 154 164 165 177 191 198 225
17 62 87 89 107 113 117 119 129 157 174 182 200 208 209 240 242
18 21 30 54 85 120 122 125 155
19 26 37 53 77 96 184 189 212
20 31 62 87 88 104 105 113 130 143 151 185 200 209 237 240 242 246
21 22 60 120 122 125 140 144 155 171
22 60 70 90 103 120 122 125 140 144 155 171 199
23 28 29 45 82 102 110 139 148 164 165 198 225 228 230
24 34 56 65 73 76 132 142 172 231
25 26 30 37 53 54 55 70 77 84 85 145 184 204 206 212 221 229 238
26 30 37 53 77 84 85 96 184 206 212 221
27 36 43 44 66 69 71 108 116 193 248
28 29 45 82 102 110 139 148 164 165 198 225
29 45 61 82 102 106 114 134 148 164 165 173 175 198 225 228 230 235
30 53 54 77 84 85 212 221
31 80 87 88 105 130 143 158 201 204 209 233 240 242
32 33 63 72 81 91 97 128 147 150 156 170 190 202 203 216 217 220 224
33 63 72 81 91 128 136 147 150 156 160 170 178 190 202 203 217 220 224
34 46 56 73 76 121 132 142 161 172 207 226 231 245
35 39 40 42 57 58 59 61 75 78 83 86 95 117 126 152 167 169 186 210 214 219 227 244
36 43 44 71 72 100 101 108 116 124 127 170 178 181 202 216
37 53 77 84 96 145 184 189 206 212 222 229 238
38 47 48 50 64 80 137 138 163 179 232 233 234
39 40 57 59 65 74 78 83 126 152 166 167 168 169 180 195 210 214 227 244
40 57 58 59 74 75 78 83 86 95 126 152 166 167 168 169 180 210 214 227 244
41 63 68 81 92 107 128 129 141 157 211 213 236
42 61 75 83 86 89 95 106 115 119 152 176 186 219 235
43 44 66 69 71 108 116 193 248
44 72 99 101 108 116 124 127 170 181 188 193 202 216
45 61 82 102 106 114 134 148 164 165 173 175 198 225 228 230 235
46 56 76 92 93 118 132 141 142 166 168 172 211 213 218 231 245
47 48 50 64 67 137 138 163 232 234 239
48 49 50 64 67 79 137 138 163
49 64 67 79 109 153 187 222
50 123 133 137 138 149 163 179 232 234 239 247
51 93 97 98 111 118 131 146 159 192 196 197 215 218 243 249
52 58 61 78 135 139 154 164 165 177 191 225
53 77 84 85 96 184 206 212 221 238
54 55 70 85 120 122 125 199 221
55 70 84 85 90 120 122 125 158 199 204 221 223 229
56 65 132 142 166 168 195 231 245
57 58 59 74 78 83 95 126 152 166 167 168 169 180 195 210 214 227 244
58 61 78 83 95 106 134 135 139 152 154 164 177 180 191 214 219 225 227
59 75 83 86 117 126 129 141 152 167 168 169 186 210 213 214 236 244
60 90 103 120 122 125 140 144 155 171 176 199 235
61 78 83 95 102 106 115 134 135 139 152 164 176 177 186 219 225 228 235
62 87 107 113 129 151 157 160 174 182 200 209 242
63 68 81 97 118 128 147 156 203 217 218 220 224
64 67 79 80 138 145 163 201 233
65 74 132 166 168 183 195
66 69 193 194
67 79 138 153 187
68 81 92 107 118 128 129 141 147 157 203 211 213 218 224 236
69 71 94 108 123 149 193 248
70 84 85 90 103 120 122 125 158 199 204 221 223 240
71 94 100 108 123 178 248
72 91 100 108 127 136 150 170 178 181 190 202 216 217 220
73 76 121 142 161 172 205 207 226 231
74 78 132 166 168 180 183 195 210 227
75 83 86 89 95 115 117 126 129 152 167 169 186 214 219 244
76 93 121 131 142 159 161 172 192 196 205 207 226 231 245
77 84 85 96 145 184 206 212 221 222 229 238
78 83 95 126 135 139 152 164 177 180 191 214 219 227 244
79 80 145 153 187 222 229 238
80 88 105 163 201 204 229 233
81 92 107 118 128 141 147 157 160 203 211 213 217 218 220 224 236
82 110 114 148 165 173 175 198 228 230
83 86 95 117 126 152 167 169 186 210 214 219 227 244
84 85 145 184 199 204 206 212 221 229 238
85 120 125 199 221
86 89 95 115 117 126 129 152 167 169 174 186 214 244
87 88 104 113 130 143 151 174 182 185 200 209 237 240 242 246
88 104 105 130 163 179 185 201 233 237 246
89 103 113 115 117 119 174 182 186 200 208 223
90 103 119 120 122 125 144 155 199 208 223
91 97 112 150 156 162 181 188 202 217 220 249
92 93 107 118 128 129 141 157 211 213 218 224 236
93 118 131 142 159 172 192 196 211 218 224 231 245
94 123 133 149 179 232 234 239 241 247 248
95 106 115 126 134 135 152 164 186 214 219 227
96 109 184 189 206 212 222
97 111 112 118 146 150 156 159 162 192 196 197 215 217 218 220 224 243 249
98 111 131 146 159 161 192 196 215 226 243
99 101 116 124 127 181 188 202
100 104 136 151 160 170 178 185 190 216 246
101 108 116 124 127 181 188 193 202 216
102 106 114 134 140 148 164 165 173 175 176 198 219 225 228 230 235
103 119 120 122 125 144 199 208 223 240
104 136 151 160 178 185 190 237 246
105 130 143 158 163 201 204 229 233 240 242
106 115 134 140 152 164 173 175 176 186 219 228 235
107 117 128 129 147 157 160 174 182 203 236
108 116 124 127 170 178 181 193 202 216
109 153 187 189 222
110 148 165 198
111 131 146 159 162 192 196 197 215 243 249
112 146 150 156 162 197 243 249
113 119 129 130 174 182 200 208 209 223 240 242
114 140 171 173 175 228 230 235
115 119 134 144 152 176 186 219 235
116 124 127 181 188 193 216
117 126 129 157 167 169 174 182 186 210 214 236 244
118 131 159 192 196 197 211 215 218 224 231 243 245
119 182 186 200 208 223 240
120 122 125 144 155 199 221 223
121 161 172 205 207 226
122 125 140 144 155 171 199
123 133 149 179 232 234 239 241 247 248
124 127 181 188 193 216
125 144 155 199 221 223
126 152 166 167 168 169 186 210 214 227 236 244
127 170 178 181 188 202 216
128 141 147 157 160 190 203 217 220 224 236
129 141 157 169 174 182 200 236
130 143 158 200 209 237 240 242 246
131 159 161 172 192 196 205 215 218 226 231 243
132 142 166 168 195 245
133 137 149 179 232 234 239 241 247 248
134 139 140 148 164 173 175 176 198 219 225 228 235
135 139 154 164 177 180 191 225 227
136 147 151 160 170 178 185 190 203 246
137 138 179 232 234 239 247
138 163 179 232 233 234 239
139 154 164 165 177 191 198 225
140 144 155 171 173 175 176 228 235
141 167 168 169 210 211 213 236 244 245
142 161 172 231 245
143 158 201 204 209 223 240 242
144 155 171 175 176 235
145 184 201 204 206 212 222 229 238
146 159 162 192 196 197 215 243 249
147 156 157 160 170 178 190 203 217 220 224
148 164 165 173 175 198 225 228 230
149 232 234 239 241 247 248
150 156 162 170 181 197 202 217 220 249
151 160 178 185 190 237 246
152 167 169 186 214 219 227 244
153 187 189 222
154 164 165 177 191 225
155 171
156 162 197 202 217 220 224 243 249
157 160 174 190 203 236
158 201 204 209 223 229 240 242
159 172 192 196 197 215 218 226 243 249
160 178 185 190 203
161 172 205 207 226 231
162 197 215 243 249
163 179 201 233
164 165 177 191 198 219 225 228
165 198 225
166 167 168 169 180 195 210 213 214 227 244
167 168 169 210 213 214 227 236 244
168 169 195 210 213 214 227 244
169 186 210 213 214 236 244
170 178 181 190 202 216 217 220
171 173 175 176 228 235
172 192 196 205 207 226 231 245
173 175 176 198 228 230 235
174 182 200 208 209 242
175 176 228 230 235
176 186 219 228 235
177 180 191 225
178 185 190 203 216
179 232 234 246
180 183 191 195 227
181 188 202 216
182 200 208 209 223 240 242
183 195 227
184 189 206 212 222 238
185 190 237 246
186 214 219
187 189 222
188 202 216
189 222
190 203 220
191 225
192 196 197 215 218 226 243 249
193
194
195 210 227
196 197 215 218 224 243 249
197 215 217 218 224 243 249
198 225 228 230
199 221 223
200 208 209 223 240 242
201 204 229 233
202 216 217 220
203 217 220
204 206 221 229 238
205 207 226
206 212 221 222 229 238
207 226
208 209 223 240 242
209 223 237 240 242
210 213 214 227 236 244
211 213 218 224 231 236 245
212 221 238
213 236 244 245
214 227 244
215 243 249
216
217 220 224
218 224 231 243 245
219 228 235
220 224
221
222 229 238
223 240 242
224 243
225
226 231
227 244
228 230 235
229 238
230
231 245
232 234 239 247 248
233
234 239 247 248
235
236 244
237 242 246
238
239 241 247
240 242
241 247 248
242
243 249
244
245
246
247 248
248
249
