#
# GMT Sun Oct 15 17:29:10 2023
# 
132 268 137 457 43 27 372 55 485 103 277
268 131 1 206 40 204 256 149 477 323
143 426 91 287 443 200 497 303 79 261 61
426 202 368 458 103 243 200 29 76 284
75 179 58 68 52 55 369 65 175 263 8
179 81 62 469 482 105 463 28 446 63
33 182 159 217 63 208 56 409 287 279 15
182 246 133 197 350 410 488 422 123 157
186 424 7 251 228 407 298 63 109 485 129
424 6 247 42 51 328 145 26 459 416
32 366 188 389 434 492 481 163 382 427 407
366 456 422 470 90 393 337 52 118 30
273 392 253 73 464 0 191 11 258 414 107
392 483 80 294 92 11 212 439 373 240
206 253 52 387 300 45 111 62 128 139
253 159 189 254 101 151 14 92 293
76 372 7 320 310 280 22 213 379 139
372 472 184 115 162 111 358 171 40
262 499 335 220 468 116 78 128 181 192 54
499 65 311 374 391 354 49 82 85 437
69 104 1 337 418 397 54 154 454 266 347
104 385 276 388 377 235 303 479 217 482
60 284 385 89 396 443 236 183 258 282 285
284 93 153 404 295 308 100 377 147
217 384 318 353 251 147 214 90 415
384 250 271 119 493 450 247 15 435 322
58 360 187 474 91 269 412 192 313 16
360 271 376 199 348 277 275 325 385 303
9 355 34 475 79 157 381 479 128 481 150
355 408 128 496 222 40 393 332 361 47
472 494 309 373 171 352 235 246 348 324
494 187 403 66 118 456 83 235 325 468
7 394 462 113 309 82 336 350 359
394 87 5 0 423 233 459 106 264 120
246 478 212 56 74 254 309 53 130
267 470 148 178 172 377 409 356 468 180 183
470 119 421 162 255 490 352 172 400
301 383 133 164 328 158 286 455 369 490 3
383 138 188 115 66 417 299 340 29 468
286 483 269 295 331 409 198 122 244 42
483 441 333 230 67 210 109 407 375
133 390 259 108 385 352 5 331 320
390 310 108 233 74 481 461 298 345 149
89 463 497 221 378 400 458 435 414 161
463 467 458 107 154 157 198 216 266
30 148 269 314 81 480 296 439 288 322
148 136 200 212 147 270 29 172 418
51 320 180 402 447 250 484 52 200 409
320 170 157 105 19 213 381 176
110 406 106 319 341 157 235 477 388 476 457
406 124 331 364 257 473 197 227 361 324
271 438 417 431 365 28 88 326 370
322 442 195 190 414 290 338 102 198
442 408 82 113 168 232 167 249 264 296
409 410 159 113 185 202 125
410 211 432 24 87 290 91 356 20
309 328 330 184 391 393 361 482
159 420 364 34 403 371 8 150
86 314 435 439 295 405 362 474 441 345 191
314 117 316 374 255 451 153 423 204
6 205 50 413 161 128 340 411 400 238
205 467 300 433 98 379 338 207 285 264
37 129 108 78 352 122 235 270 83 292 349
129 199 116 169 335 128 10 317 198
269 449 308 312 231 272 82 493
161 344 489 237 456 380 94 144 396
344 396 244 340 137 377 369 391 215 415
328 38 408 455 50 327 120 351
173 318 441 39 256 165 432 108 478 251 184
318 403 141 223 373 20 334 153 121
420 212 264 189 170 157 70 72 478 34
137 471 307 47 59 125 245 38 293
114 497 464 310 31 381 70 453 430 462 278
497 191 140 370 248 359 28 31
120 428 218 74 200 466 291 281 29
428 77 480 207 335 185 13 128 25 87
66 457 449 118 242 378 312 233 490
457 376 224 357 341 112 342 188
435 299 59 374 195 408 228 459
67 193 237 371 395 5 22 343 421 332
193 207 84 169 376 79 140 413 282 415
441 172 357 479 446 321 379 208
99 225 162 492 8 16 49 444 44 105 422
225 266 401 62 203 96 26 174 88 185
18 151 210 396 199 333 211 92 126 139 404
151 326 218 17 84 297 117 220 399
24 460 487 25 10 377 465 236 46 446
460 487 240 199 265 233 332 277 23 417
5 181 14 236 389 258 202 479
181 3 142 413 203 414 404 452 388
191 308 245 367 382 195 474 256
308 70 138 336 425 231 272 126
236 459 488 288 121 220 102 371
459 190 368 101 307 473 38
102 150 339 375 266 177 169 279 100
150 149 493 185 111 484 209 496
299 61 274 414 471 122 97 53 280
55 303 358 64 242 244 57 226 147
303 364 462 333 48 412 21
136 478 14 44 74 254 135 464 257 234
28 57 432 259 425 42 8 449
57 385 119 176 411 103 118 481 196
259 215 183 36 432 434 43 105 21
145 462 210 389 111 201 96 336 330 165
462 469 2 296 280 302 11
288 398 475 422 287 154 19 165 439
398 412 427 234 334 185 199 52 197 14
93 451 374 487 12 234 147 369 38 108
451 371 323 41 496 16 487 346 227
106 241 175 475 423 46 147 382 313
241 389 467 401 335 327 166 111 252 142
385 450 367 250 119 14
98 386 464 166 378 68 325 492 317 231
386 361 26 56 176 329 255 64 231 436
50 346 116 17 42 240 43 200 399
346 402 224 176 45 418 440 43 248
197 279 118 257 248 450 11 31
279 280 292 491 304 371 49 84
270 349 265 362 252 111 112 192 434
349 134 379 163 371 332 131 407 40
296 487 456 337 319 275 397 4
487 46 208 113 461 263
88 229 317 187 199 178 311 469 436
229 302 171 493 404 214 112 399 27 411
381 445 282 315 313 474 433 124
445 466 479 213 21 54 486 189 485 204
100 203 412 283 264 35 144 433 25
203 169 453 419 123 369 490 427
265 423 329 283 482 218 275 375 210
466 162 498 430 16 368 481 297 117
446 467 476 34 468 208 369 115
467 492 486 436 71 165 152
45 123 224 79 401 370 239 362 195
123 486 354 177 489 325 468 436
210 96 25 154 201 274 387
202 335 338 485 452 26 256 233
335 361 224 493 56 174
209 231 109 498 119 380 97 127 263 361
231 387 465 245 391 260
471 449 436 118 378 168 42 78 239
403 332 84 117 293 15 272 41
90 130 243 27 312 336 227 436 216
130 338 252 448 321 111 332 10 488
96 247 80 3 170 78 484 140
250 8 149 224 491 347 382 336
362 172 295 280 163 78 305 178
122 347 425 294 295 393 232 433
347 330 216 219 266 404 107 452
154 416 196 330 163 341 436
416 329 44 291 294 456 276 478 26
479 167 465 316 330 223
438 440 353 387 249 166 183 480 127 448
440 439 477 221 116 117 29 175 4
396 239 10 188 370 302 46
115 195 79 311 41 71 77 189
195 185 177 293 305 190
281 456 152 180 233 439 243 56 222 174
456 79 272 290 370
34 356 359 194 397 351 353
216 247 39 429 275 212 331 455
247 436 153 87 496 256 321
356 453 101 289 221 370 35 183
46 330 454 178 82 412 163
330 357 444 218 212
427 430 149 95 192 228 78 431
430 170 121 298 103 97 127 263
237 306 341 131 254 276 81 92 190
306 473 232 285 380 334 47 323 187 491
127 434 315 155 374 331 232 333
434 260 307 119 121 185 213
302 437 194 192 352 351 124 239
48 290 223 359 73 4 264 38 263 475
290 147 227 351 10 72 213
464 354 17 477 263 211 443
95 222 178 168 256 455 248 370 219 484
222 419 352 244 336 272 198 359
240 364 295 232 219 312 243 337
13 418 498 157 389 323 25 8 382 142
418 321 144 177 343 358 26
376 276 208 342 242 155 274 160
243 465 162 196 219 473 433
465 242 238 484 235 380 263
190 92 211 245 192 280 224
350 448 36 283 169 164 490 192 358
448 116 162 245 357 276 204 333
172 274 287 233 298 324
239 351 373 135 1 59 139
351 415 85 83 146 228
91 373 196 221 187 278 146 183
373 486 163 419 199 40
310 411 92 43 200 198 44 12
411 11 224 261 339 417 317
215 31 461 408 276 74 138 378 3
108 292 491 317 73 429
81 213 4 393 481 43 329 275
153 107 329 377 443 64 17
367 393 47 327 65 73 139 447 116
393 171 72 357 87
364 482 312 388 401 291 131
280 444 401 224 421
218 413 68 263 485 20 31
413 248 433 380 156 461 165
124 131 319 175 313 135 213 361
2 380 439 340 65 323 103 70 83 325
380 469 121 10 333
177 232 54 478 324 412 348
232 249 201 39 113
227 498 477 248 493 447 234
498 292 486 63 200 476 266
174 492 338 307 319 220 454 291
492 345 199 194 455 257
92 422 278 282 68
292 484 16 342 312 415 449
484 342 71 365 31
211 23 324 482 160 264 254
419 194 496 317 53 168 183 125
304 458 196 160 429 109 313 414 27 87
458 166 486 412 73 70 450
36 149 219 196 77 429 496 125 238
149 316 405 399 49
62 287 16 488 44 495 363 134
287 65 493 254 169 488
41 264 144 486 11 323 447 138
264 307 43
316 432 146 16 337 61 431 105
432 358 1 201 155 101
162 374 158 293 251
374 298 345 94 131
17 401 315 228 365 266 223
401 164 156 109 468
248 12 134 0 207
274 170 4 35 49 313 258
16 425 452 166
61 443 147 94 414 242 35 277
443 223 437 368 22 295
444 473 242 402 491 146 363 235
473 71 368 379 263 275
317 84 475 59 336
297 311 391 52 407 449 331 266 375
311 333 59 289 39 146 495
388 429 164 207 140 353 283
429 223 70 339 160 94
140 327 341 244 25 334 126
327 169 332 230 15 481 226
214 276 397 402 178 325 338 343 496
276 334 83 152
357 15 144 371 469 19
275 408 405 42 485
408 187 339 180 15
26 341 252 113 85
341 234 387 85 230
73 474 477 31 325 71
188 260 338 223 333 454 113
260 477 244 370 109 363 134 170
82 358 165 439 244 345
358 39 278 469 300
478 144 134 141 72
194 370 491 80 490 230 375
160 277 480 228 158 342 278
277 142 326 405 382 397
412 321 141 155
397 291 168 119 307 29
141 184 272 196 39 395 329 477
184 53 220 47 212 489 176
171 285 221 342 245 282 121
77 74 332 454 156 113 490 326
449 251 437 1 97
131 235 21 476 178
12 155 15 116 315 395 74 421
155 221 257 31 226 180
170 363 474 323 244
363 480 20 65 343 208 305
23 164 345 455 324 139 404 118 352
164 423 326 361 338 178
97 113 234 105 402 417 495
113 474
359 183 107 496 378 220
94 224 422 283 204 249 187
224 329
345 480 22 431 421
480 213 245 107 387
25 283 295 298 201
64 201 400 219 221 165 230 343
201 486 27 476 312
109 71 238 414 417
307 453 425 431 272
453 79 371 405 221 165 152
167 71 369 185 404 340 251 135 169
200 272 298
338 490 156
39 293 485 300 365
293 53 47 489 371
31 289 252
289 42 365 40 488 105 235 263
234 461 452 35 116
291 365 486 125 489 134
365 54 336 378 80
402 461 103 407 70 468
461 204 300 175 489
454 325 56 491 85 103
261 342 422 101 230 78 189 204 256
342 59 353 375
207 431 125 369 257 59
65 254 178 117 321
238 395 180 266 255 29 35
395 425 163 199 80 158 389
251 414 84 42 337
414 38
196 157 329 10
135 382 21 208 144 353 312
382 19 315 421
333 319 53
175 343 249 14 112 208
326 83 219 230 404 43
486 168
3 348 220 121 101 387 158
348 298 315 11 183 305 387
84 283 204 208 156
371 138
334 340 493 156 198 368
340 101 219 158 452
59 221 103 40
221 118
252 138 436 495 249 142
29 378 105 117
378 245 331
493 433 489
74 230 49 20
353 423 192 1 242
43 213 63
425 475 399 258 138
107 417 144 134 474
324 496 368 27 220
496 22
42 489 421
323 14 495 226
47 4 294 53 78
368 101 53 83
474 400 72
83 72 495 40
134 228 8 421
228 176 189 56
266 352
101 56 331
22 315 68 244 20 125
315 415 242 361
272 387 152
71 452 421 336
152 495 63 53 146 256
158 212 87 0 485
212 400 475
138 220 423 226
119 369 482 121
369 0
423 40 176 189
11 49 52 495
49 14 439 189
245 4 80
166 139 146 477 313 489
294 68 219 422 176 337 339
20 283 436 339 354
283 44 331
254 21 105 354
475 68 447 379
476 377 407 391 198 63
235 72
103 54 399
223 156 278 447
87 187 63 422
8 27 491 481
298 352 258
169 405 117
400 481 21 233 437
481 319
53 354
285 38 163 282 255 242 126
117 437 354
183 255
282 405 437 255 78
79 257 379 72
187 352 165
220 421
54 495 35 249 85
495 44
116 319 168
469 180 15 126 377
27 485 80 70
361 35
63 226 1
433 208 257 68
14 204 72
199 38
389 189 321 415 249
450 321 68 431 80 112 407
404 142 482
329 452 343
139 165 142 399
165
249 80 477
163 415 112
415 142 40
305 319 168 422 336 4 256
319 128 491
147 38 455
0 128 85 437 180 255
128 485
146 447 321 343
447 180 192 10
142 300 488
70 242 377
439 405
244 213
157 452 278
325 491 10
1 455 379 156
56 488 258
387 377
343 126 375
15 125 226
125 468 230
379 255 4
455 189 35
208
295 168 126
331 375
332 278 156
10 226
468 121
485
278 255 78
72 417
300 156 488 19 168
38 391
422
437 391 126
213
19 85 417 44 375 258
85 452 111
436
21 111 52 339
257 431 354
68 405
178 126
111 313
180 391
156
352
226 488 313
477
482 258 121
417 399
118 230 126
242
321 407
126
233 339 112
405 399
4 198
176 431 312
219 339
78
168
52 44 144
230
391 431
431
255
204 399
35 490
491
105 185
185 339
339
313 258
399
489 44
452
488
407 198
377
256 337
312 192
354 144 112
121
80 490
189
375 337
490
337 112
44
144
198
263
258
40
112 370
370
192
421
336
