#
# GMT Wed Oct  4 19:09:24 2023
# 
0 2 32 33 44 72 91 97 99
1 5 23 28 29 45 82
2 32 33 51 63 91 93 97 98
3 4 7 12 27 43 50 66 69 71 94
4 7 13 27 36 43 44 66 69 71 72 94
5 23 29 45 82
6 17 22 35 42 59 60 61 75 83 86 89 90 95
7 12 13 27 38 43 47 50 69 71 88 94
8 19 25 37 49 53 64 67 77 79 84 96
9 18 21 22 30 54 60 85 90
10 27 43 66
11 13 14 15 17 20 62 87 88
12 13 38 47 50 69 71 94
13 15 20 50 71 87 88 94
14 17 35 39 40 41 57 59 62 68 75 81 83 86 89 92
15 17 20 31 62 80 87 88
16 23 28 29 45 52 58 61 78 95
17 20 59 62 75 86 87 89
18 21 22 30 54 60 85 90
19 26 37 53 77 96
20 31 62 80 87 88
21 22 54 60 85 90
22 54 55 60 70 85 90
23 28 29 45 52 82
24 34 46 56 65 73 76
25 26 30 37 53 54 55 70 77 84 85 96
26 30 37 53 54 77 84 85 96
27 36 43 44 66 69 71 94
28 29 45 52 82
29 45 52 61 82
30 53 54 55 70 77 84 85
31 55 70 80 84 87 88
32 33 36 63 72 81 91 97
33 36 63 68 72 81 91 97
34 46 56 65 73 76 93
35 39 40 42 57 58 59 61 74 75 78 83 86 89 95
36 43 44 69 71 72 91 99
37 53 77 79 84 96
38 47 48 49 50 64 67 79 80 88
39 40 46 56 57 58 59 65 74 75 78 83 86 95
40 42 57 58 59 61 65 74 75 78 83 86 95
41 46 59 62 63 68 81 92 93
42 57 58 59 61 75 78 83 86 89 95
43 44 66 69 71 94
44 69 71 72 91 99
45 52 61 82
46 56 65 68 76 92 93
47 48 49 50 64 67 79 80
48 49 50 64 67 79 80
49 64 67 79 80
50 64 80 88 94
51 76 93 97 98
52 58 61 78 95
53 54 55 77 84 85 96
54 55 60 70 77 84 85 90
55 60 70 77 84 85 90
56 65 73 74 76 93
57 58 59 61 65 74 75 78 83 86 95
58 61 74 75 78 83 86 95
59 68 75 78 83 86 89 92 95
60 70 89 90
61 75 78 83 86 95
62 68 87 89
63 68 72 81 91 92 93 97
64 67 79 80
65 74
66 69 71 94
67 79
68 81 92 93
69 71 94
70 84 85 90
71 72 94
72 91 99
73 76
74 78 83
75 78 83 86 89 95
76 93 98
77 84 85 96
78 83 86 95
79 80
80 88
81 92 93 97
82
83 86 89 95
84 85 96
85 90
86 89 95
87 88
88
89 90 95
90
91 97 99
92 93
93 97 98
94
95
96
97 98
98
99
