#
# GMT Wed Oct  4 19:11:23 2023
# 
0 2 32 33 44 72 91 97 99 101 112 124 127 146 150 156 162 170 181 188 197 202 216 217 220 249 270 319 329 332 344 346 370 372 375 390 400 401 422 425 441 447 482 490
1 5 23 28 29 45 82 110 114 148 165 173 175 198 228 230 261 262 276 282 291 305 317 371 377 382 408 473 483 491 497
2 32 33 51 63 91 93 97 98 111 112 118 131 146 150 156 159 162 192 196 197 202 215 217 218 220 224 243 249 253 254 270 271 277 319 328 332 335 344 349 362 370 375 390 392 419 422 425 447 465 468 490 492 495
3 4 7 12 27 43 50 66 69 71 94 123 133 137 149 179 232 234 239 241 247 248 258 260 268 294 302 304 308 322 337 356 363 391 414 421 430 460 476 477 496 498
4 7 13 27 36 43 44 66 69 71 72 94 100 101 104 108 116 123 124 127 136 170 178 181 185 193 202 216 248 250 263 265 288 302 319 322 337 340 346 353 356 372 391 400 414 415 416 430 434 441 450 476 481 482 496
5 23 29 45 82 102 114 134 140 148 171 173 175 198 228 230 235 261 262 276 282 291 305 317 331 382 397 408 420 426 433 466 473 483 491 497
6 17 22 35 42 59 60 61 75 83 86 89 90 95 103 106 113 115 117 119 129 144 152 169 174 176 182 186 200 208 209 219 223 235 240 267 269 279 283 286 292 296 301 311 313 315 320 323 325 331 343 352 354 358 364 366 373 374 393 395 403 406 407 417 420 424 431 443 446 451 456 470 474 475 489 499
7 12 13 27 38 43 47 50 69 71 88 94 100 104 123 133 137 138 149 179 185 232 234 239 241 246 247 248 258 260 266 268 278 281 288 294 302 308 309 322 337 356 363 365 391 396 414 415 430 460 461 477 480 496 498
8 19 25 37 49 53 64 67 77 79 84 96 109 145 153 184 187 189 204 206 212 222 229 238 256 257 293 312 314 327 336 345 369 379 388 405 411 413 436 457 462 472 486 488
9 18 21 22 30 54 60 85 90 120 122 125 155 199 221 252 296 300 315 324 334 368 380 394 397 399 418 426 433 442 471 474 479 484 493
10 27 43 66 116 124 193 194 263 265 284 304 329 353 356 414 421 429 452 476 478 496
11 13 14 15 17 20 62 87 88 100 104 107 113 117 128 129 130 136 147 151 157 160 174 182 185 190 200 203 209 237 240 242 246 264 272 274 278 279 280 285 288 292 306 316 321 323 325 343 347 348 351 352 354 358 360 366 374 395 398 407 416 417 423 438 445 446 449 451 456 459 470 475 481 487 489
12 13 38 47 50 69 71 94 123 133 137 138 149 179 232 234 239 241 247 248 258 260 268 281 294 302 304 308 309 322 337 356 363 365 396 414 421 430 437 460 461 477 480 498
13 15 20 50 71 87 88 94 100 104 123 130 136 151 160 163 178 179 185 190 232 233 234 237 246 248 266 278 280 281 285 288 294 306 309 322 337 348 351 360 363 365 391 396 415 416 430 434 459 460 461 480 481 494
14 17 35 39 40 41 57 59 62 68 75 81 83 86 89 92 107 113 117 126 128 129 141 157 167 168 169 174 182 186 200 203 210 211 213 214 236 244 259 264 267 272 279 289 292 295 311 316 318 321 323 325 339 343 351 358 361 364 366 395 398 404 406 407 409 417 423 440 443 445 449 456 458 470 475 487 489
15 17 20 31 62 80 87 88 104 105 113 130 143 151 158 160 163 174 179 182 185 200 201 209 233 237 240 242 246 266 274 275 278 280 281 285 288 306 309 310 316 323 326 330 343 347 348 351 352 354 360 363 365 366 374 386 416 423 430 438 446 449 451 459 461 469 481 488 489 494
16 23 28 29 45 52 58 61 78 95 102 106 134 135 139 148 154 164 165 173 177 191 198 219 225 228 276 282 290 291 297 299 305 342 350 357 371 377 384 385 427 444 448 454 466 473 483 485 491 497
17 20 59 62 75 86 87 89 103 107 113 117 119 129 130 143 157 174 182 186 200 208 209 223 237 240 242 264 274 279 283 285 286 292 301 311 316 320 321 323 325 343 347 348 351 352 354 358 366 373 374 395 398 407 417 423 438 443 446 449 451 456 470 475 489 499
18 21 22 30 54 60 85 90 120 122 125 155 171 199 221 252 296 300 315 324 331 334 380 393 394 397 418 426 433 442 471 474 479 484 493
19 26 37 53 77 96 109 184 189 206 212 222 293 312 314 327 336 368 379 405 411 436 472 486
20 31 62 80 87 88 104 105 113 130 143 151 158 160 163 174 182 185 200 201 209 233 237 240 242 246 266 274 275 278 280 281 285 288 306 309 310 316 323 325 326 330 343 347 348 351 352 354 360 366 374 386 423 430 438 446 449 451 459 461 469 481 489 494
21 22 54 60 85 90 114 120 122 125 140 144 155 171 175 199 252 262 296 300 315 324 331 380 382 393 397 403 418 426 431 433 442 471 474 479 484 493
22 54 55 60 70 85 90 103 115 119 120 122 125 140 144 155 171 176 199 208 221 223 235 251 252 269 283 286 296 300 301 315 320 324 331 373 380 393 397 403 418 420 426 431 433 442 471 474 479 484 493 499
23 28 29 45 52 82 102 110 114 134 139 148 154 164 165 173 175 177 198 225 228 230 261 276 282 290 291 297 299 305 317 350 371 377 384 408 448 454 466 473 483 485 491 497
24 34 46 56 65 73 76 121 132 142 161 172 195 207 231 245 273 287 298 303 307 338 341 355 367 376 381 410 435 455 463 464
25 26 30 37 53 54 55 70 77 84 85 96 105 120 145 158 184 199 201 204 206 212 221 222 229 238 251 252 275 314 324 326 327 330 333 334 359 368 369 379 380 383 386 387 388 394 399 411 413 418 436 442 471 479 486 488
26 30 37 53 54 77 84 85 96 145 184 206 212 221 222 229 238 252 312 314 327 334 368 379 383 387 388 394 399 411 418 436 442 471 486
27 36 43 44 66 69 71 94 100 101 108 116 123 124 127 170 181 193 216 248 258 260 263 265 284 302 304 322 337 340 346 353 356 391 400 414 415 421 429 430 434 441 450 452 476 478 482 496 498
28 29 45 52 82 102 110 134 135 139 148 154 164 165 173 175 177 191 198 225 228 230 261 276 282 290 291 297 299 305 317 350 371 377 384 448 454 466 473 483 485 491 497
29 45 52 61 82 102 106 110 114 134 139 140 144 148 164 165 171 173 175 176 198 219 225 228 230 235 261 262 276 282 290 291 297 299 305 317 350 371 377 382 384 397 403 408 420 424 454 466 473 483 485 491 497
30 53 54 55 70 77 84 85 120 122 125 184 199 206 212 221 251 252 300 314 324 334 368 380 383 388 394 399 411 418 442 471 474 479 484 486 493
31 55 70 80 84 87 88 105 113 130 143 145 158 163 199 200 201 204 209 223 229 233 237 238 240 242 251 266 274 275 281 285 286 309 310 323 326 330 333 345 347 348 352 354 359 360 366 374 383 386 387 388 413 438 446 451 459 469 479 488 494 499
32 33 36 63 72 81 91 97 100 112 127 128 136 147 150 156 160 162 170 178 181 190 197 202 203 216 217 220 224 249 250 253 270 280 289 319 332 340 370 372 375 389 390 398 401 415 416 422 423 434 441 445 447 468 481 487 490
33 36 63 68 72 81 91 97 100 127 128 136 147 150 156 160 162 170 178 190 197 202 203 216 217 220 224 250 253 264 280 288 289 319 321 332 340 351 361 370 372 375 389 398 415 416 422 423 434 440 441 445 447 468 481 487 490
34 46 56 65 73 76 93 118 121 131 132 142 161 172 205 207 211 218 226 231 245 254 255 277 287 298 303 307 335 338 341 355 362 367 376 378 381 410 419 432 435 439 453 455 463 464 465 467 492 495
35 39 40 42 57 58 59 61 74 75 78 83 86 89 95 106 115 117 126 135 152 164 166 167 168 169 180 186 210 214 219 227 244 259 267 269 279 290 292 297 311 313 342 357 358 364 395 404 406 407 417 424 427 443 444 454 458 470 475 485
36 43 44 69 71 72 91 99 100 101 108 116 124 127 136 150 170 178 181 188 190 193 202 216 250 263 265 280 284 288 319 322 329 340 346 353 356 372 391 400 401 415 416 430 434 441 450 476 481 482 490 496
37 53 77 79 84 96 109 145 184 187 189 204 206 212 221 222 229 238 256 293 312 314 327 334 336 359 368 369 379 383 387 388 394 399 405 411 413 436 457 462 472 486
38 47 48 49 50 64 67 79 80 88 123 133 137 138 163 179 201 232 233 234 239 247 257 266 268 275 281 294 309 337 345 360 363 365 396 402 437 457 460 461 469 477 480 488 494
39 40 46 56 57 58 59 65 74 75 78 83 86 95 117 126 132 141 152 166 167 168 169 180 183 195 210 213 214 227 236 244 259 267 273 287 295 307 311 313 339 342 357 364 367 385 404 406 407 409 412 417 427 428 444 458 464 470
40 42 57 58 59 61 65 74 75 78 83 86 95 117 126 135 152 166 167 168 169 180 183 186 195 210 213 214 219 227 236 244 259 267 273 287 307 311 313 342 357 364 367 385 404 406 407 409 412 417 427 428 443 444 458 470 485
41 46 59 62 63 68 81 92 93 107 117 118 128 129 141 147 157 160 167 168 169 174 203 210 211 213 218 224 236 244 245 255 264 272 277 279 289 295 307 316 318 321 325 335 339 351 361 362 389 395 398 404 407 409 417 423 439 440 445 449 465 468 470 487 492
42 57 58 59 61 75 78 83 86 89 95 102 103 106 115 117 119 126 134 140 144 152 164 167 169 176 186 208 214 219 228 235 244 259 267 269 283 286 290 292 297 301 311 313 320 325 352 358 364 373 393 395 403 406 407 417 420 424 431 443 446 454 456 466 470 475 485 499
43 44 66 69 71 94 101 108 116 123 124 127 149 193 216 241 248 258 260 263 265 284 302 304 322 337 340 353 356 391 400 414 415 421 429 434 441 450 452 476 478 482 496 498
44 69 71 72 91 99 101 108 116 124 127 150 170 181 188 193 202 216 250 263 265 284 319 329 332 340 346 353 356 372 391 400 401 415 434 441 450 452 476 482 490 496
45 52 61 82 102 106 110 114 134 139 140 148 164 165 171 173 175 176 198 219 225 228 230 235 261 262 276 282 290 291 297 299 305 317 350 371 377 382 384 397 408 420 424 454 466 473 483 485 491 497
46 56 65 68 76 92 93 118 132 141 142 166 167 168 172 195 210 211 213 218 231 236 245 255 272 273 277 287 289 295 298 303 307 318 335 339 361 362 367 376 381 404 409 410 419 432 439 440 458 463 464 465 468 492 495
47 48 49 50 64 67 79 80 123 133 137 138 163 179 232 233 234 239 247 257 266 268 281 294 308 309 345 363 365 396 402 437 457 460 461 477 480 494
48 49 50 64 67 79 80 137 138 153 163 187 232 233 234 239 247 256 257 268 281 309 345 365 396 402 437 457 460 462 477 480 494
49 64 67 79 80 109 138 145 153 163 187 189 222 256 257 327 345 369 396 402 437 457 462 480
50 64 80 88 94 123 133 137 138 149 163 179 232 233 234 239 241 247 248 257 258 266 268 281 294 308 309 337 363 365 396 402 437 460 461 477 480 494 498
51 76 93 97 98 111 112 118 131 146 156 159 161 162 172 192 196 197 215 218 224 226 231 243 245 249 253 254 255 270 271 277 318 328 335 344 349 355 362 370 375 378 381 390 392 410 419 422 425 432 439 447 453 455 463 465 467 468 492 495
52 58 61 78 95 102 106 134 135 139 148 152 154 164 165 177 180 191 198 219 225 227 290 297 299 342 350 357 371 384 385 427 428 444 448 454 466 485 497
53 54 55 77 84 85 96 145 184 204 206 212 221 222 229 238 252 312 314 327 334 368 369 379 383 387 388 394 399 405 411 413 418 436 442 486
54 55 60 70 77 84 85 90 120 122 125 155 199 212 221 251 252 296 300 314 324 333 334 368 380 383 387 388 394 399 411 418 426 442 471 474 479 484 486 493
55 60 70 77 84 85 90 103 105 120 122 125 143 158 199 201 204 206 221 223 229 238 240 251 252 275 286 296 301 310 314 320 324 326 330 333 334 352 354 359 368 380 383 386 387 388 394 399 411 413 418 442 446 451 469 471 474 479 486 488 499
56 65 73 74 76 93 132 142 166 168 172 183 195 210 211 213 231 245 255 273 277 287 295 298 303 307 338 362 367 376 381 404 410 412 439 458 463 464
57 58 59 61 65 74 75 78 83 86 95 117 126 132 135 141 152 166 167 168 169 180 183 186 195 210 213 214 227 236 244 259 267 273 287 307 311 313 342 357 364 367 385 404 406 407 409 412 417 427 428 443 444 458 470
58 61 74 75 78 83 86 95 102 106 115 126 134 135 139 152 154 164 167 177 180 186 191 214 219 225 227 244 259 267 290 297 299 311 313 342 350 357 364 384 385 406 424 427 428 444 448 454 466 485
59 68 75 78 83 86 89 92 95 107 117 126 129 141 152 157 166 167 168 169 174 182 186 210 213 214 227 236 244 259 264 267 272 279 292 295 311 313 321 325 339 343 358 361 364 395 404 406 407 409 417 443 456 458 470 475 489
60 70 89 90 103 106 115 119 120 122 125 140 144 155 171 175 176 199 208 223 235 251 252 269 283 286 296 300 301 315 320 324 331 352 373 380 393 397 403 420 424 426 431 433 471 474 479 484 493 499
61 75 78 83 86 95 102 106 115 134 135 139 148 152 154 164 165 173 175 176 177 186 191 198 214 219 225 227 228 235 267 269 290 297 299 311 313 342 350 357 364 371 384 403 406 420 424 427 443 448 454 466 485
62 68 87 89 104 107 113 117 128 129 130 136 147 151 157 160 174 182 185 190 200 203 208 209 236 237 240 242 246 264 272 274 278 279 280 285 292 306 316 321 323 325 343 347 348 351 352 354 358 361 366 374 395 398 407 409 417 423 438 445 446 449 451 456 459 470 475 481 487 489
63 68 72 81 91 92 93 97 107 118 128 136 141 147 150 156 157 160 162 170 190 197 202 203 211 217 218 220 224 243 249 250 253 255 264 270 272 277 280 289 295 318 319 321 335 339 351 361 362 370 375 389 398 409 422 423 440 445 447 465 468 481 487 492
64 67 79 80 105 137 138 145 153 163 187 201 204 222 229 233 238 256 257 266 275 281 309 326 327 330 345 365 369 396 402 413 437 457 460 462 469 477 480 488 494
65 74 126 132 142 166 167 168 180 183 195 210 227 244 259 273 287 298 303 307 367 376 404 412 428 444 458 464
66 69 71 94 108 116 149 193 194 241 248 258 260 263 265 284 302 304 322 353 356 414 421 429 450 452 476 478 496 498
67 79 109 137 138 153 187 256 257 268 345 369 396 402 437 457 462 477 480
68 81 92 93 107 117 118 128 129 141 147 157 160 167 169 203 210 211 213 217 218 220 224 236 244 245 253 255 264 272 277 279 289 295 298 307 316 318 321 335 339 351 361 362 389 395 398 404 407 409 417 423 439 440 445 449 463 465 468 470 487 492
69 71 94 100 108 116 123 133 149 193 216 232 234 241 248 258 260 263 265 294 302 304 308 322 337 340 353 356 363 391 414 415 421 429 430 434 450 476 496 498
70 84 85 90 103 105 119 120 122 125 143 155 158 199 204 208 221 223 229 240 251 252 275 283 286 296 301 310 315 320 324 326 330 333 334 347 352 354 359 373 380 383 386 387 388 393 394 399 411 413 418 431 438 442 446 451 471 474 479 486 499
71 72 94 100 104 108 116 123 127 133 136 149 170 178 179 185 193 216 232 234 246 248 250 258 260 263 265 288 294 302 304 322 337 340 356 363 391 400 414 415 416 430 434 441 450 476 481 482 496 498
72 91 99 100 101 108 116 124 127 136 147 150 156 160 170 178 181 188 190 202 203 216 217 220 250 263 265 280 288 319 332 340 346 372 389 391 400 401 415 416 422 434 441 445 450 481 482 490 496
73 76 121 142 161 172 205 207 226 231 298 303 338 341 355 376 378 381 410 432 435 453 455 464 467
74 78 83 126 132 135 166 167 168 169 180 183 195 210 214 227 244 259 273 287 307 342 357 364 367 385 404 412 427 428 444 458 464
75 78 83 86 89 95 106 113 115 117 119 126 129 152 167 169 174 176 182 186 200 208 210 214 219 227 236 244 259 267 269 279 283 292 301 311 313 320 323 325 343 352 358 364 366 373 395 404 406 407 409 417 424 443 446 456 470 475 489
76 93 98 118 121 131 132 142 159 161 172 192 196 205 207 211 215 218 226 231 245 254 255 271 277 298 303 307 318 335 338 341 349 355 362 367 376 378 381 392 410 419 432 435 439 453 455 463 464 465 467 492 495
77 84 85 96 145 184 204 206 212 221 222 229 238 252 312 314 327 334 359 368 369 379 383 387 388 394 399 405 411 413 418 436 442 486
78 83 86 95 106 115 126 134 135 139 152 154 164 166 167 168 169 177 180 183 186 191 195 210 214 219 225 227 244 259 267 290 297 299 311 313 342 350 357 364 384 385 404 406 412 424 427 428 443 444 448 454 458 485
79 80 109 138 145 153 163 187 189 201 204 206 222 229 233 238 256 257 275 281 326 327 330 345 365 369 379 396 402 413 436 437 457 462 469 480 486 488 494
80 88 105 130 137 138 143 145 158 163 179 201 204 229 232 233 234 237 238 257 266 275 281 309 310 326 330 333 345 347 348 359 360 363 365 369 383 386 387 388 396 402 413 437 438 457 459 460 461 469 477 480 488 494
81 92 93 97 107 118 128 129 141 147 156 157 160 190 203 211 213 217 218 220 224 236 250 253 255 264 272 277 279 280 289 295 316 318 321 335 339 351 361 362 389 398 409 422 423 439 440 445 449 465 468 487 492
82 102 110 114 134 148 165 173 175 198 228 230 261 262 276 282 291 305 317 371 377 382 408 466 473 483 491 497
83 86 89 95 106 115 117 126 135 152 164 166 167 168 169 180 186 210 214 219 227 244 259 267 269 279 292 297 311 313 342 357 358 364 395 404 406 407 417 424 427 443 444 454 456 458 470 475 485
84 85 96 105 120 125 145 158 184 199 201 204 206 212 221 222 229 238 251 252 275 310 314 324 326 327 330 333 334 359 368 369 379 380 383 386 387 388 394 399 411 413 418 442 469 479 486 488
85 90 120 122 125 184 199 206 212 221 251 252 300 314 324 333 334 359 368 380 383 387 388 394 399 411 418 442 471 474 479 484 486 493
86 89 95 106 113 115 117 119 126 129 152 167 169 174 176 182 186 200 208 210 214 219 227 236 244 259 267 269 279 283 292 301 311 313 320 323 325 343 352 358 364 366 373 395 404 406 407 409 417 424 443 446 456 470 475 489
87 88 104 105 107 113 130 143 151 157 158 160 174 182 185 200 201 208 209 223 237 240 242 246 266 274 275 278 280 285 286 288 306 309 310 316 323 325 330 343 347 348 351 352 354 360 366 374 386 398 423 438 446 449 451 456 459 461 469 481 489 494
88 104 105 123 130 143 151 158 163 179 185 201 209 232 233 234 237 240 242 246 257 266 274 275 278 281 285 288 306 309 310 326 330 337 345 347 348 360 363 365 374 386 396 430 438 459 460 461 469 480 488 494
89 90 95 103 106 113 115 117 119 129 144 152 169 174 176 182 186 200 208 209 219 223 240 242 267 269 274 279 283 286 292 296 301 311 313 320 323 325 343 352 354 358 364 366 373 374 393 395 403 406 407 417 424 431 443 446 451 456 470 475 489 499
90 103 119 120 122 125 140 144 155 158 171 176 199 208 221 223 240 251 252 269 283 286 296 300 301 315 320 324 331 333 352 354 359 373 380 386 393 397 403 418 426 431 442 446 451 471 474 479 484 493 499
91 97 99 101 112 127 146 150 156 162 170 181 188 197 202 216 217 220 224 243 249 250 253 270 319 332 340 344 346 370 372 375 390 400 401 422 425 441 447 482 490
92 93 107 117 118 126 128 129 141 147 157 167 168 169 203 210 211 213 218 224 236 244 245 253 255 264 272 277 279 289 295 298 307 316 318 321 335 339 361 362 367 389 395 398 404 407 409 417 423 439 440 445 458 463 465 468 470 487 492
93 97 98 111 118 128 131 141 142 159 161 172 192 196 197 211 213 215 218 224 226 231 236 243 245 253 254 255 271 272 277 289 295 298 307 318 335 339 344 349 355 361 362 367 381 392 409 410 419 432 439 440 455 463 464 465 468 492 495
94 123 133 137 149 179 232 234 239 241 247 248 258 260 268 294 302 304 308 322 337 356 363 391 414 421 430 460 461 476 477 480 496 498
95 102 106 115 117 126 134 135 139 152 154 164 167 169 176 177 180 186 191 210 214 219 225 227 228 235 244 259 267 269 290 297 299 311 313 342 350 357 358 364 384 385 404 406 407 417 420 424 427 443 444 448 454 466 485
96 109 145 184 187 189 206 212 222 229 238 256 293 312 314 327 336 368 369 379 399 405 411 436 462 472 486
97 98 111 112 118 128 131 146 147 150 156 159 162 192 196 197 202 215 217 218 220 224 243 249 253 254 255 270 271 277 289 318 319 328 332 335 344 349 362 370 375 389 390 392 419 422 425 439 440 447 465 468 490 492 495
98 111 118 131 146 159 161 172 192 196 197 205 207 215 218 226 231 243 249 253 254 255 270 271 277 328 335 341 344 349 355 362 370 375 378 381 392 410 419 425 432 439 447 453 455 463 465 467 492 495
99 101 108 116 124 127 150 181 188 193 202 216 263 265 284 319 329 332 340 346 353 372 400 401 441 450 452 482 490
100 104 108 123 127 136 147 151 160 170 178 179 185 190 203 216 237 246 250 278 280 285 288 306 319 322 337 340 351 363 372 391 398 415 416 423 430 434 441 445 449 450 461 481 496
101 108 116 124 127 150 170 181 188 193 202 216 263 265 284 319 329 332 340 346 353 372 400 401 441 450 452 476 482 490 496
102 106 114 115 134 135 139 140 144 148 164 165 171 173 175 176 198 219 225 228 230 235 261 262 269 276 282 290 291 297 299 305 313 315 317 331 350 371 382 384 397 403 408 420 424 448 454 466 473 483 485 491 497
103 113 115 119 120 122 125 140 143 144 155 158 176 182 186 199 200 208 209 223 240 242 251 269 274 283 286 292 296 301 311 315 320 323 324 331 333 343 352 354 358 366 373 374 380 386 393 403 424 431 438 443 446 451 456 474 475 479 489 499
104 123 130 136 151 157 160 178 179 185 190 203 232 234 237 242 246 250 266 278 280 285 288 306 309 316 322 337 348 351 360 363 391 398 415 416 423 430 434 445 449 459 461 481
105 130 143 145 158 163 199 201 204 206 209 221 223 229 233 237 238 240 242 251 257 266 274 275 281 285 286 309 310 326 330 333 345 347 348 352 354 359 360 365 374 383 386 387 388 413 438 446 451 459 469 479 486 488 494
106 114 115 134 135 139 140 144 152 164 171 173 175 176 186 198 219 225 228 235 267 269 283 290 297 299 311 313 315 317 331 350 357 364 373 384 393 403 406 420 424 431 443 454 466 485
107 113 117 128 129 136 141 147 151 157 160 169 174 182 190 200 203 209 213 236 264 272 274 279 280 285 289 292 295 316 321 323 325 339 343 351 358 361 366 374 389 395 398 407 409 417 423 440 445 449 456 470 475 481 487 489
108 116 124 127 136 170 178 181 188 193 202 216 248 250 263 265 284 288 302 319 322 329 340 346 353 356 372 391 400 401 414 415 416 430 434 441 450 452 476 482 490 496
109 145 153 184 187 189 222 256 293 312 327 336 369 379 405 436 457 462 472
110 148 165 198 230 261 276 282 291 305 371 377 408 473 483 491 497
111 112 118 131 146 156 159 162 192 196 197 215 218 224 226 243 249 253 254 270 271 277 328 335 344 349 355 362 370 375 378 390 392 410 419 422 425 432 439 447 463 465 492 495
112 146 150 156 162 197 202 215 217 220 243 249 253 270 319 328 332 344 349 370 372 375 390 392 401 422 425 447 490
113 117 119 129 130 143 157 158 174 182 186 200 208 209 223 237 240 242 264 269 274 279 283 285 286 292 301 311 316 320 321 323 325 343 347 348 351 352 354 358 366 373 374 395 407 417 438 443 446 449 451 456 459 470 475 489 499
114 134 140 144 148 155 171 173 175 176 198 228 230 235 261 262 276 282 291 300 305 315 317 331 382 393 397 403 408 420 426 433 466 473 491 493 497
115 119 134 140 144 152 164 173 175 176 186 208 214 219 228 235 267 269 283 286 290 292 296 297 301 311 313 315 320 331 352 358 364 373 393 403 406 407 417 420 424 431 443 454 456 466 475 485 499
116 124 127 170 181 188 193 202 216 263 265 284 329 340 346 353 356 372 391 400 401 414 415 429 441 450 452 476 478 482 490 496
117 119 126 129 141 152 157 167 168 169 174 182 186 200 208 210 213 214 236 244 259 264 267 272 279 283 292 295 311 313 316 321 323 325 339 343 358 361 364 366 374 395 398 404 406 407 409 417 443 449 456 458 470 475 489
118 128 131 141 142 146 147 156 159 172 192 196 197 211 213 215 217 218 220 224 231 236 243 245 249 253 254 255 270 271 272 277 289 295 298 307 318 328 335 339 344 349 355 361 362 370 375 389 392 409 410 419 422 432 439 440 447 463 464 465 468 487 492 495
119 120 122 125 143 144 174 176 182 186 199 200 208 209 223 235 240 242 251 267 269 274 279 283 286 292 296 301 311 313 315 320 323 325 331 343 348 352 354 358 366 373 374 393 395 403 406 407 417 424 431 438 443 446 451 456 474 475 479 489 499
120 122 125 140 144 155 171 199 208 221 223 251 252 283 286 296 300 301 315 320 324 331 333 334 352 359 373 380 383 386 387 393 394 397 399 403 418 426 431 442 451 471 474 479 484 493 499
121 131 142 161 172 205 207 226 231 303 338 341 355 376 378 381 410 432 435 453 455 467
122 125 140 144 155 171 176 199 221 223 251 252 269 283 286 296 300 301 315 320 324 331 373 380 393 397 403 418 426 431 433 442 471 474 479 484 493 499
123 133 137 138 149 179 185 232 234 239 241 246 247 248 258 260 266 268 278 281 288 294 302 308 309 322 337 356 363 365 391 396 414 415 430 460 461 476 477 480 496 498
124 127 170 181 188 193 202 216 263 265 284 329 340 346 353 372 400 401 441 450 452 476 478 482 490 496
125 140 144 155 171 199 208 221 223 251 252 269 283 286 296 300 301 315 320 324 331 333 334 352 373 380 383 386 393 397 399 403 418 426 431 433 442 446 451 471 474 479 484 493 499
126 129 141 152 166 167 168 169 180 186 195 210 213 214 227 236 244 259 267 273 279 292 295 307 311 313 325 339 342 357 358 364 367 395 404 406 407 409 412 417 427 443 458 470 475
127 136 150 170 178 181 188 190 193 202 216 217 220 250 263 265 284 319 329 332 340 346 353 372 391 400 401 415 416 434 441 450 476 481 482 490 496
128 129 136 141 147 156 157 160 190 203 211 213 217 218 220 224 236 250 253 264 272 279 280 289 295 316 318 319 321 335 339 351 361 362 389 398 409 422 423 440 445 449 465 468 481 487 492
129 141 157 160 167 169 174 182 186 200 203 208 209 210 213 214 236 244 264 267 272 274 279 289 292 295 311 316 321 323 325 339 343 351 352 358 361 364 366 374 395 398 404 407 409 417 423 443 445 446 449 456 470 475 487 489
130 143 151 158 163 174 182 185 200 201 208 209 223 233 237 240 242 246 266 274 275 278 281 285 286 288 306 309 310 316 323 326 330 333 343 347 348 351 352 354 359 360 366 374 386 438 446 449 451 459 461 469 488 489 494
131 142 146 159 161 172 192 196 197 205 207 215 218 226 231 243 245 249 253 254 255 270 271 277 298 318 328 335 341 344 349 355 362 370 375 378 381 392 410 419 425 432 439 447 453 455 463 465 467 492 495
132 141 142 166 167 168 172 183 195 210 211 213 231 245 255 259 273 287 295 298 303 307 338 367 376 381 404 412 439 458 463 464
133 137 138 149 179 232 234 239 241 247 248 258 260 268 281 294 302 304 308 322 337 356 363 365 396 414 421 430 437 460 461 477 480 498
134 135 139 140 144 148 152 164 165 171 173 175 176 177 186 198 219 225 228 230 235 267 269 276 282 290 291 297 299 305 311 313 315 317 331 350 357 371 384 393 403 406 420 424 431 448 454 466 473 485 491 497
135 139 152 154 164 165 177 180 183 191 198 219 225 227 290 297 299 313 342 350 357 371 384 385 427 428 444 448 454 466 485
136 147 151 157 160 170 178 185 190 203 216 217 220 237 246 250 278 280 285 288 306 316 319 340 351 372 389 391 398 415 416 423 430 434 441 445 449 461 481 487
137 138 149 163 179 232 233 234 239 241 247 257 258 268 281 294 308 309 337 363 365 396 402 437 460 477 480
138 163 179 232 233 234 239 247 257 266 268 281 294 308 309 337 345 363 365 396 402 437 457 460 461 477 480 494
139 148 152 154 164 165 177 180 191 198 219 225 227 228 282 290 297 299 313 342 350 357 371 384 385 424 427 428 444 448 454 466 473 485 491 497
140 144 155 171 173 175 176 219 228 230 235 262 269 296 297 300 305 315 317 324 331 373 382 393 397 403 420 424 426 431 433 466 474 484 493
141 157 166 167 168 169 210 211 213 214 218 224 236 244 245 255 259 264 272 277 279 289 295 298 307 318 321 335 339 361 362 367 389 395 398 404 407 409 417 439 440 445 458 463 464 465 468 470 487 492
142 161 172 196 205 207 211 218 226 231 245 254 255 273 277 287 298 303 307 318 335 338 341 355 362 367 376 378 381 410 419 432 435 439 453 455 463 464 465 467 492 495
143 158 163 182 199 200 201 204 208 209 223 229 233 237 240 242 251 266 274 275 285 286 301 309 310 320 323 326 330 333 343 345 347 348 352 354 359 360 366 374 383 386 387 388 413 438 446 451 459 469 479 488 489 494 499
144 155 171 173 175 176 199 219 223 228 235 262 269 283 286 296 300 301 315 317 320 324 331 373 380 393 397 403 420 424 426 431 433 466 474 479 484 493 499
145 153 158 163 184 187 189 201 204 206 212 221 222 229 233 238 256 257 275 310 312 314 326 327 330 333 345 359 368 369 379 383 386 387 388 399 405 411 413 436 457 462 469 486 488 494
146 150 156 159 162 192 196 197 215 218 224 243 249 253 254 270 271 277 328 332 344 349 370 375 390 392 419 422 425 447 492 495
147 150 151 156 157 160 170 178 190 202 203 217 218 220 224 250 253 264 272 280 288 289 316 318 319 321 339 340 351 361 372 389 398 416 422 423 434 440 441 445 449 468 481 487
148 154 164 165 173 175 198 225 228 230 261 262 276 282 290 291 297 299 305 317 350 371 377 382 384 408 454 466 473 483 485 491 497
149 179 232 234 239 241 247 248 258 260 268 294 302 304 308 322 337 356 363 414 421 437 460 476 477 498
150 156 162 170 181 188 197 202 216 217 220 224 243 249 250 253 270 319 332 340 344 346 370 372 375 389 390 400 401 422 425 441 447 482 490
151 157 160 178 179 185 190 203 209 237 242 246 250 266 274 278 280 285 288 306 316 337 347 348 351 360 363 366 374 391 398 415 416 423 430 434 438 445 449 459 461 481 487
152 164 167 168 169 176 177 180 186 210 214 219 225 227 235 244 259 267 269 290 292 297 299 311 313 342 357 358 364 384 404 406 407 417 420 424 427 443 444 448 454 458 470 475 485
153 187 189 222 256 257 327 369 379 402 405 436 457 462 472
154 164 165 177 180 191 198 225 227 290 297 299 342 350 357 371 384 385 427 428 444 448 454 466 485 497
155 171 173 175 176 199 228 235 251 252 262 269 296 300 315 317 324 331 373 380 393 397 403 420 426 431 433 442 471 474 479 484 493 499
156 159 162 170 192 196 197 202 203 215 217 218 220 224 243 249 250 253 254 270 271 289 318 319 328 332 335 344 349 362 370 372 375 389 390 392 401 422 425 440 445 447 465 468 487 490 492
157 160 174 182 190 200 203 209 213 236 264 272 274 279 280 285 289 292 295 306 316 321 323 325 339 343 351 358 361 366 374 389 395 398 407 409 417 423 440 445 449 456 470 475 481 487 489
158 163 199 200 201 204 208 209 221 223 229 233 237 238 240 242 251 266 274 275 285 286 301 309 310 320 323 326 330 333 343 345 347 348 352 354 359 360 366 374 383 386 387 388 413 438 446 451 459 469 479 486 488 494 499
159 161 162 172 192 196 197 205 215 218 224 226 231 243 245 249 253 254 255 270 271 277 318 328 335 341 344 349 355 362 370 375 378 381 390 392 410 419 422 425 432 439 440 447 453 455 463 465 467 468 492 495
160 170 174 178 185 190 203 217 220 237 246 250 264 272 278 279 280 285 288 289 306 316 319 321 351 361 366 389 398 415 416 423 430 434 445 449 481 487
161 172 192 196 205 207 215 226 231 245 254 255 271 277 298 303 338 341 355 362 376 378 381 392 410 419 432 435 439 453 455 463 464 467 492 495
162 192 196 197 202 215 217 220 224 243 249 253 254 270 271 319 328 332 344 349 370 372 375 390 392 401 422 425 447 490
163 179 201 204 229 232 233 234 237 246 257 266 275 281 309 310 326 330 345 347 348 360 363 365 396 402 413 437 457 459 460 461 469 477 480 488 494
164 165 173 175 176 177 191 198 219 225 227 228 235 267 276 282 290 297 299 305 313 342 350 357 371 384 385 406 420 424 427 444 448 454 466 473 485 491 497
165 173 175 177 191 198 225 228 230 261 276 282 290 291 297 299 305 317 350 371 377 384 448 454 466 473 483 485 491 497
166 167 168 169 180 183 195 210 211 213 214 227 236 244 245 259 267 273 287 295 298 307 339 342 364 367 404 409 412 427 428 444 458 464
167 168 169 180 186 195 210 211 213 214 227 236 244 259 267 272 273 279 292 295 307 311 313 325 339 358 361 364 367 395 404 406 407 409 412 417 443 456 458 470 475
168 169 180 183 195 210 211 213 214 227 236 244 245 259 267 273 287 295 298 307 339 364 367 404 409 412 458 464 470
169 174 186 210 213 214 227 236 244 259 264 267 272 279 292 295 307 311 313 321 325 339 358 361 364 367 395 404 406 407 409 417 443 456 458 470 475
170 178 181 185 188 190 202 203 216 217 220 250 263 265 280 288 319 332 340 346 372 389 391 400 401 415 416 422 423 434 441 445 450 481 482 487 490 496
171 173 175 176 228 230 235 262 269 296 300 305 315 317 324 331 382 393 397 403 408 420 424 426 431 433 466 474 484 493
172 192 196 205 207 211 215 218 226 231 245 254 255 271 277 298 303 307 318 335 338 341 349 355 362 367 376 378 381 392 410 419 432 435 439 453 455 463 464 465 467 492 495
173 175 176 198 219 225 228 230 235 261 262 276 282 290 291 297 305 315 317 331 350 382 384 393 397 403 408 420 424 426 431 433 454 466 473 483 491 497
174 182 186 200 208 209 223 236 240 242 264 272 274 279 283 285 286 292 301 311 316 320 321 323 325 343 348 351 352 354 358 361 366 373 374 395 398 407 409 417 423 438 443 445 446 449 451 456 470 475 489 499
175 176 198 219 225 228 230 235 261 262 269 276 282 290 291 297 305 315 317 331 382 384 393 397 403 408 420 424 426 431 433 454 466 473 483 491 497
176 186 208 219 228 235 267 269 283 290 296 297 301 311 313 315 317 320 331 358 373 393 397 403 406 420 424 431 443 454 466 474 485 499
177 180 191 198 219 225 227 290 297 299 342 350 357 371 384 385 427 428 444 448 454 466 485
178 185 190 202 203 216 217 220 237 246 250 278 280 285 288 306 319 322 337 340 351 372 389 391 398 415 416 423 430 434 441 445 449 450 481 487 496
179 185 232 233 234 237 239 246 247 248 257 266 268 278 281 288 294 306 308 309 322 337 360 363 365 391 396 416 430 437 459 460 461 477 480 494
180 183 191 195 210 214 227 244 259 267 273 287 299 342 357 364 385 404 412 427 428 444 448 458 485
181 188 193 202 216 250 263 265 284 319 329 332 340 346 353 372 400 401 415 434 441 450 452 476 482 490 496
182 186 200 208 209 223 237 240 242 264 269 274 279 283 285 286 292 301 311 316 320 321 323 325 343 347 348 351 352 354 358 366 373 374 395 398 407 417 438 443 446 449 451 456 470 475 489 499
183 191 195 227 259 273 287 342 357 367 385 412 427 428 444 458
184 189 204 206 212 221 222 229 238 256 293 312 314 327 334 336 368 369 379 383 387 388 394 399 405 411 413 436 462 472 486
185 190 203 232 234 237 246 250 266 278 280 285 288 306 309 316 322 337 340 348 351 360 363 391 398 415 416 423 430 434 445 449 459 461 481
186 208 210 214 219 235 244 259 267 269 279 283 286 292 297 301 311 313 320 325 343 352 358 364 373 395 403 406 407 417 420 424 431 443 446 454 456 470 475 485 489 499
187 189 222 238 256 293 312 327 336 369 379 405 436 457 462 472
188 193 202 216 263 265 284 319 329 332 340 346 353 372 400 401 441 450 452 482 490
189 206 212 222 238 256 293 312 327 336 369 379 405 436 457 462 472
190 203 216 217 220 237 246 250 264 278 280 285 288 289 306 316 319 321 340 351 372 389 391 398 415 416 423 430 434 441 445 449 481 487
191 198 225 227 290 297 299 342 350 357 371 384 385 427 428 444 448 454 485
192 196 197 205 215 218 224 226 231 243 245 249 253 254 255 270 271 277 318 328 335 341 344 349 355 362 370 375 378 381 390 392 410 419 422 425 432 439 447 453 455 463 465 467 468 492 495
193 194 216 263 265 284 302 304 322 329 340 346 353 356 391 400 414 421 429 441 450 452 476 478 482 496
194 284 304 353 414 421 429 452 478
195 210 214 227 244 259 273 287 298 303 307 342 367 376 385 404 412 427 428 444 458 464
196 197 211 215 218 224 226 231 243 245 249 253 254 255 270 271 277 298 318 328 335 344 349 355 362 370 375 378 381 390 392 410 419 422 425 432 439 440 447 453 455 463 465 467 468 492 495
197 215 217 218 220 224 243 249 253 254 255 270 271 277 289 318 328 332 335 344 349 362 370 375 390 392 419 422 425 432 439 440 447 463 465 468 492 495
198 225 228 230 261 276 282 290 291 297 299 305 317 350 371 377 382 384 408 448 454 466 473 483 485 491 497
199 204 208 221 223 240 251 252 283 286 296 301 310 315 320 324 330 331 333 334 352 354 359 373 380 383 386 387 388 393 394 399 403 411 413 418 431 442 446 451 471 474 479 484 486 493 499
200 208 209 223 237 240 242 264 274 279 283 285 286 292 301 306 310 316 320 321 323 325 343 347 348 351 352 354 358 360 366 373 374 395 398 407 417 423 438 443 446 449 451 456 459 470 475 489 499
201 204 206 209 229 233 237 238 240 242 257 266 274 275 281 309 310 326 330 333 345 347 348 354 359 360 365 369 383 386 387 388 396 413 438 457 459 469 480 486 488 494
202 216 217 220 249 250 263 265 319 329 332 340 346 370 372 375 390 400 401 415 422 434 441 447 450 482 490
203 217 220 224 236 250 264 272 278 279 280 285 288 289 306 316 318 319 321 339 351 361 389 398 409 416 423 434 440 445 449 468 481 487
204 206 212 221 222 229 233 238 240 251 252 275 310 314 326 327 330 333 345 347 359 360 368 369 379 383 386 387 388 399 411 413 438 457 462 469 479 486 488 494
205 207 226 231 254 338 341 355 378 381 410 419 432 435 453 455 467 495
206 212 221 222 229 238 252 256 275 312 314 326 327 330 333 334 345 359 368 369 379 383 386 387 388 394 399 405 411 413 436 457 462 469 486 488
207 226 231 303 338 341 355 376 378 381 410 419 432 435 453 455 467 495
208 209 223 240 242 251 269 274 279 283 286 292 296 301 311 320 323 325 333 343 347 348 352 354 358 366 373 374 386 393 395 403 406 407 417 431 438 443 446 451 456 470 474 475 479 489 499
209 223 237 240 242 246 266 274 275 278 279 283 285 286 292 301 306 310 316 320 323 325 330 333 343 347 348 351 352 354 358 360 366 373 374 386 395 417 438 446 449 451 456 459 469 475 489 499
210 211 213 214 227 236 244 259 267 272 273 279 287 292 295 307 311 313 339 361 364 367 395 404 406 407 409 412 417 443 458 464 470
211 213 218 224 231 236 245 253 254 255 264 271 272 277 289 295 298 307 318 321 335 339 361 362 367 389 404 409 410 419 439 440 458 463 464 465 468 487 492 495
212 221 222 229 238 252 312 314 327 334 368 369 379 383 387 388 394 399 405 411 413 418 436 442 486
213 214 218 224 236 244 245 255 259 264 272 277 279 289 295 298 307 318 321 335 339 361 362 367 395 398 404 407 409 417 439 440 458 463 464 465 468 470 487 492
214 219 227 236 244 259 267 273 279 292 295 307 311 313 339 342 357 358 364 367 395 404 406 407 409 412 417 427 443 444 458 470 475
215 218 224 226 231 243 249 253 254 255 270 271 277 328 335 344 349 355 362 370 375 378 390 392 410 419 422 425 432 439 447 453 455 463 465 467 468 492 495
216 217 220 250 263 265 280 284 288 319 322 329 332 340 346 353 372 391 400 401 415 416 434 441 450 476 481 482 490 496
217 218 220 224 243 249 250 253 270 272 280 289 318 319 332 335 344 349 361 370 372 375 389 390 398 422 423 425 434 440 441 445 447 465 468 481 487 490 492
218 220 224 231 236 243 245 249 253 254 255 270 271 272 277 289 295 298 307 318 328 335 339 344 349 355 361 362 370 375 389 392 409 410 419 422 432 439 440 447 463 464 465 468 487 492 495
219 225 227 228 235 267 269 283 290 297 299 311 313 350 357 358 364 373 384 393 403 406 420 424 431 443 448 454 466 485
220 224 249 250 253 264 270 272 280 289 318 319 321 332 340 351 361 370 372 375 389 390 398 422 423 434 440 441 445 447 468 481 487 490
221 223 229 238 251 252 314 324 326 330 333 334 359 368 380 383 386 387 388 394 399 411 413 418 442 471 474 479 484 486
222 229 238 256 293 312 314 326 327 336 345 369 379 383 387 388 399 405 411 413 436 457 462 472 486 488
223 240 242 251 269 274 283 286 292 296 301 310 315 320 323 324 325 330 333 343 347 348 352 354 358 359 366 373 374 380 383 386 387 393 403 413 431 438 446 451 456 474 475 479 489 499
224 236 243 245 249 253 254 255 264 270 271 272 277 289 295 318 319 321 335 339 344 349 361 362 370 375 389 390 392 398 409 419 422 425 439 440 445 447 463 465 468 487 492 495
225 228 276 282 290 291 297 299 305 313 342 350 357 371 377 384 385 420 424 427 428 444 448 454 466 473 483 485 491 497
226 231 245 254 255 271 277 298 303 338 341 349 355 362 378 381 392 410 419 432 435 439 453 455 463 467 495
227 244 259 267 273 287 299 311 313 342 357 364 367 385 404 406 412 427 428 444 448 454 458 485
228 230 235 261 262 269 276 282 290 291 297 305 313 315 317 331 350 371 382 384 393 397 403 408 420 424 431 454 466 473 483 485 491 497
229 233 238 251 256 257 275 310 314 326 327 330 333 345 359 368 369 379 383 386 387 388 399 411 413 457 462 469 486 488 494
230 235 261 262 276 282 291 305 317 371 377 382 397 408 420 433 466 473 483 491 497
231 245 254 255 271 277 295 298 303 307 318 335 338 341 355 362 367 376 378 381 410 419 432 435 439 440 453 455 463 464 465 467 468 492 495
232 233 234 239 241 246 247 248 257 258 266 268 278 281 294 302 308 309 322 337 363 365 396 402 430 437 459 460 461 477 480 498
233 234 237 246 257 266 275 281 309 310 326 330 345 347 348 359 360 363 365 386 387 396 402 413 437 438 457 459 460 461 469 477 480 488 494
234 239 241 246 247 248 257 258 266 268 278 281 294 302 306 308 309 322 337 363 365 396 402 430 437 459 460 461 477 480 494 498
235 262 269 283 290 296 297 305 311 313 315 317 331 373 382 384 393 397 403 406 420 424 426 431 454 466 473 485
236 244 245 255 259 264 272 279 289 292 295 298 307 316 318 321 325 335 339 361 362 364 367 389 395 398 404 407 409 417 440 445 449 456 458 465 468 470 487 492
237 240 242 246 266 274 275 278 280 281 285 288 306 309 310 316 323 337 343 347 348 351 354 360 363 365 366 374 416 423 430 438 449 459 461 469 481 489 494
238 256 275 310 312 314 326 327 330 333 334 345 359 368 369 379 383 386 387 388 394 399 411 413 436 457 462 469 486 488 494
239 241 247 248 258 260 268 281 294 302 308 337 363 365 396 402 437 460 477 480 498
240 242 251 274 275 283 285 286 292 301 310 320 323 325 326 330 333 343 347 348 352 354 358 359 360 366 373 374 386 387 413 438 446 451 456 459 469 474 475 479 489 494 499
241 247 248 258 260 268 294 302 304 308 322 337 356 414 421 460 477 498
242 246 266 274 275 278 283 285 286 292 301 306 310 316 320 323 325 326 330 333 343 347 348 351 352 354 358 359 360 366 374 386 438 446 449 451 456 459 469 475 489 494 499
243 249 253 254 255 270 271 277 318 328 332 335 344 349 355 362 370 375 390 392 410 419 422 425 432 439 447 463 465 468 492 495
244 259 267 272 273 279 292 295 307 311 313 325 339 358 361 364 367 395 404 406 407 409 412 417 443 456 458 470 475
245 253 254 255 271 272 277 289 295 298 303 307 318 335 339 341 355 361 362 367 376 381 409 410 419 432 439 440 455 463 464 465 468 492 495
246 266 274 278 280 281 285 288 306 309 316 322 337 347 348 351 360 363 365 391 415 416 423 430 434 438 449 459 461 481 494
247 248 258 260 268 294 302 304 308 322 337 363 396 402 421 437 460 477 480 498
248 258 260 294 302 304 308 322 337 356 363 391 414 415 421 430 460 476 496 498
249 253 254 270 271 328 332 344 349 370 375 390 392 401 419 422 425 447 490 495
250 278 280 288 319 340 351 372 389 391 398 415 416 422 423 430 434 441 445 450 481 482 487 490
251 252 275 283 286 296 301 310 315 320 324 326 330 333 334 352 354 359 368 373 380 383 386 387 388 393 394 399 411 413 418 431 438 442 446 451 471 474 479 484 486 499
252 296 300 314 324 333 334 359 368 380 383 386 387 388 394 399 411 413 418 426 442 471 474 479 484 486 493
253 254 255 270 271 277 289 318 319 328 332 335 344 349 361 362 370 375 389 390 392 410 419 422 425 439 440 447 463 465 468 487 492 495
254 255 270 271 277 298 318 328 335 341 344 349 355 362 370 375 378 381 392 410 419 422 425 432 439 440 447 453 455 463 465 467 468 492 495
255 271 272 277 289 295 298 303 307 318 335 339 349 355 361 362 367 381 392 409 410 419 432 439 440 455 463 464 465 468 492 495
256 257 327 345 369 379 402 405 436 457 462 472
257 266 268 275 281 309 326 330 345 360 363 365 369 396 402 437 457 460 461 462 469 477 480 488 494
258 260 268 294 302 304 308 322 337 356 363 414 421 460 476 477 498
259 267 273 279 287 292 295 307 311 313 339 342 357 364 367 385 395 404 406 407 409 412 417 427 428 443 444 458 470
260 294 302 304 308 322 356 414 421 429 476 496 498
261 262 276 282 291 305 317 371 377 382 408 466 473 483 491 497
262 276 282 291 300 305 315 317 331 382 397 408 420 426 433 466 473 491 493
263 265 284 319 322 329 340 346 353 356 372 391 400 401 414 415 429 434 441 450 452 476 478 482 490 496
264 272 279 280 289 292 295 316 318 321 325 339 343 351 361 366 389 395 398 407 409 417 423 440 445 449 456 468 470 475 481 487 489
265 284 319 322 329 340 346 353 356 372 391 400 401 415 434 441 450 452 476 478 482 490 496
266 274 275 278 281 285 288 306 309 310 326 330 337 345 347 348 360 363 365 386 396 430 438 459 460 461 469 477 480 488 494
267 269 279 283 292 297 311 313 325 342 357 358 364 395 404 406 407 417 424 443 454 456 458 470 475 485
268 281 294 308 363 365 396 402 437 460 477 480 498
269 283 286 292 296 297 301 311 313 315 320 331 352 358 364 373 393 403 406 407 417 420 424 431 443 446 451 456 474 475 489 499
270 271 277 328 332 335 344 349 362 370 375 390 392 419 422 425 447 465 468 490 492 495
271 277 298 318 328 335 344 349 355 362 370 375 378 381 390 392 410 419 422 425 432 439 440 447 453 455 463 465 467 468 492 495
272 279 289 295 307 316 318 321 325 335 339 351 361 362 389 395 398 404 407 409 417 423 440 445 449 465 468 470 487 492
273 287 298 303 307 342 367 376 385 404 412 427 428 444 458 464
274 275 278 279 283 285 286 292 301 306 310 316 320 323 325 326 330 333 343 347 348 351 352 354 358 360 366 373 374 386 395 438 446 449 451 456 459 469 475 489 494 499
275 281 309 310 326 330 333 345 347 348 354 359 360 365 369 383 386 387 388 413 438 451 459 469 486 488 494
276 282 290 291 297 305 317 350 371 377 382 384 408 454 466 473 483 491 497
277 289 295 298 307 318 328 335 339 341 344 349 355 362 370 375 378 381 392 410 419 432 439 440 447 453 455 463 464 465 468 492 495
278 280 281 285 288 306 309 316 337 347 348 351 360 363 366 374 391 398 415 416 423 430 434 438 449 459 461 481
279 283 289 292 295 301 311 316 321 323 325 339 343 351 352 358 361 364 366 374 395 398 404 406 407 409 417 423 443 445 446 449 456 470 475 487 489
280 285 288 306 316 319 321 340 351 389 391 398 415 416 423 430 434 441 445 449 459 481 487
281 294 306 309 310 326 330 337 345 347 360 363 365 396 402 437 457 459 460 461 469 477 480 488 494
282 290 291 297 305 317 350 371 377 382 384 408 454 466 473 483 491 497
283 286 292 296 301 311 313 315 320 323 325 331 343 352 354 358 366 373 374 393 395 403 406 407 417 420 424 431 443 446 451 456 470 474 475 479 489 499
284 329 346 353 400 401 429 450 452 476 478 482 496
285 288 306 309 310 316 323 325 343 347 348 351 352 354 360 366 374 398 416 423 430 438 445 446 449 451 456 459 461 481 489 494
286 292 296 301 310 311 315 320 323 324 325 333 343 347 348 352 354 358 359 366 373 374 380 386 393 403 431 438 443 446 451 456 474 475 479 489 499
287 298 303 307 338 367 376 404 412 428 444 458 464
288 306 316 322 337 340 351 363 391 398 415 416 423 430 434 441 445 449 459 461 481
289 295 318 321 335 339 351 361 362 389 398 409 422 423 439 440 445 463 465 468 487 492
290 291 297 299 305 313 317 342 350 357 371 384 385 406 420 424 427 448 454 466 473 485 491 497
291 305 317 350 371 377 382 384 408 466 473 483 491 497
292 301 311 313 316 320 321 323 325 343 352 354 358 364 366 373 374 395 406 407 409 417 443 446 449 451 456 470 475 489 499
293 312 327 336 379 405 436 472
294 302 304 308 309 322 337 356 363 365 391 396 414 421 430 437 460 461 477 480 498
295 298 307 318 321 335 339 361 362 367 389 395 398 404 407 409 417 439 440 445 458 463 464 465 468 470 487 492
296 300 301 315 320 324 331 352 373 380 393 397 403 420 424 426 431 433 442 446 471 474 479 484 493 499
297 299 305 311 313 317 342 350 357 364 371 384 403 406 420 424 427 448 454 466 473 485 491 497
298 303 307 318 335 338 339 341 355 362 367 376 381 404 409 410 419 432 439 440 455 458 463 464 465 468 492 495
299 313 342 350 357 371 384 385 427 428 444 448 454 466 485 491 497
300 315 324 331 380 393 397 418 426 431 433 442 471 474 484 493
301 311 315 320 323 325 333 343 347 348 352 354 358 366 373 374 386 393 395 403 406 407 417 431 438 443 446 451 456 474 475 479 489 499
302 304 308 322 337 356 363 391 414 421 429 476 496 498
303 307 338 341 355 367 376 381 410 432 435 439 455 463 464
304 308 322 356 414 421 429 476 496 498
305 317 350 371 377 382 384 397 408 420 454 466 473 483 491 497
306 309 316 323 337 347 348 351 360 363 366 374 391 398 415 416 423 430 434 438 449 459 461 481 494
307 318 335 339 361 362 367 376 381 404 409 410 412 439 440 458 463 464 465 468 492
308 322 337 363 396 414 421 437 460 477 480 498
309 310 326 330 337 345 347 348 360 363 365 396 402 430 437 438 459 460 461 469 477 480 488 494
310 323 326 330 333 345 347 348 352 354 359 360 365 366 374 383 386 387 388 413 438 446 451 459 469 479 488 494 499
311 313 320 325 343 352 358 364 373 395 403 404 406 407 417 420 424 431 443 446 454 456 470 475 485 489 499
312 314 327 336 368 369 379 405 411 436 462 472 486
313 342 357 358 364 373 384 403 406 407 417 420 424 443 454 456 466 470 475 485
314 327 333 334 359 368 369 379 383 387 388 394 399 411 413 418 436 442 486
315 317 320 324 331 373 380 393 397 403 420 424 426 431 433 471 474 479 484 493 499
316 321 323 325 343 348 351 354 358 361 366 374 389 395 398 407 409 416 417 423 438 445 446 449 456 459 470 475 481 487 489
317 331 382 397 403 408 420 424 426 433 466 473 483 491 497
318 321 335 339 349 361 362 367 389 398 409 410 419 439 440 445 463 464 465 468 487 492 495
319 332 340 346 370 372 375 389 390 391 400 401 415 416 422 434 441 445 447 450 481 482 487 490
320 323 324 325 331 333 343 347 348 352 354 358 366 373 374 380 386 393 403 406 417 424 431 438 443 446 451 456 474 475 479 489 499
321 325 339 343 351 361 366 389 395 398 407 409 417 423 440 445 449 456 468 470 475 481 487 489
322 337 340 356 363 391 414 415 416 421 430 434 450 460 461 476 496 498
323 325 343 347 348 351 352 354 358 360 366 373 374 386 395 407 417 438 443 446 449 451 456 459 470 475 489 499
324 331 333 334 373 380 383 393 394 397 399 403 418 426 431 433 442 471 474 479 484 493 499
325 343 348 351 352 354 358 361 364 366 373 374 395 398 406 407 409 417 423 438 443 446 449 451 456 470 475 489 499
326 330 333 345 347 348 354 359 360 365 369 383 386 387 388 411 413 438 451 457 459 469 486 488 494
327 336 368 369 379 383 388 399 405 411 436 457 462 472 486
328 344 349 355 362 370 375 378 390 392 410 419 422 425 432 439 447 465 492 495
329 332 340 346 353 372 400 401 441 450 452 478 482 490 496
330 333 345 347 348 354 359 360 365 369 383 386 387 388 411 413 438 451 459 469 479 486 488 494
331 373 380 382 393 397 403 420 424 426 431 433 474 479 484 493 499
332 344 346 370 372 375 390 400 401 422 425 441 447 482 490
333 345 347 348 352 354 359 360 380 383 386 387 388 399 411 413 438 446 451 469 474 479 486 488 494 499
334 368 380 383 387 388 394 399 411 418 442 471 479 484 486
335 339 344 349 355 361 362 367 370 381 389 392 409 410 419 432 439 440 463 464 465 468 487 492 495
336 379 405 436 472
337 356 363 365 391 396 415 416 430 434 459 460 461 477 480 496 498
338 341 355 376 378 381 410 432 435 453 455 464 467
339 361 362 367 389 395 398 404 407 409 417 439 440 445 458 463 464 465 468 470 487 492
340 346 353 356 372 391 400 401 415 416 430 434 441 450 476 481 482 490 496
341 355 376 378 381 410 419 432 435 439 453 455 463 467 495
342 350 357 364 384 385 412 427 428 444 448 454 458 485
343 347 348 351 352 354 358 366 373 374 395 398 407 417 438 443 446 449 451 456 459 470 475 489 499
344 349 362 370 375 390 392 410 419 422 425 432 439 447 465 468 492 495
345 347 359 360 365 369 383 386 387 388 396 402 413 457 459 462 469 480 486 488 494
346 353 372 400 401 441 450 452 482 490 496
347 348 352 354 359 360 366 374 386 387 413 438 446 451 459 461 469 488 489 494 499
348 351 352 354 359 360 366 374 386 413 438 446 449 451 456 459 461 469 488 489 494 499
349 355 362 370 375 378 390 392 410 419 422 425 432 439 447 453 463 465 468 492 495
350 357 371 377 384 385 424 427 428 444 448 454 466 473 483 485 491 497
351 361 366 374 389 395 398 416 423 430 434 445 449 456 459 481 487 489
352 354 358 366 373 374 386 395 403 407 417 431 438 443 446 451 456 474 475 479 489 499
353 356 400 401 414 429 441 450 452 476 478 482 496
354 358 359 360 366 373 374 386 413 438 446 449 451 456 459 469 475 479 489 499
355 362 376 378 381 392 410 419 432 435 439 453 455 463 465 467 492 495
356 391 400 414 415 421 429 430 450 452 476 496 498
357 364 371 384 385 412 427 428 444 448 454 485
358 364 366 373 374 395 403 406 407 417 424 443 446 449 451 456 470 475 489 499
359 360 368 369 380 383 386 387 388 399 411 413 438 451 469 479 486 488 494
360 363 365 366 374 386 396 413 430 438 451 459 461 469 488 494
361 362 389 395 398 404 407 409 417 423 440 445 449 465 468 470 487 492
362 367 370 375 381 392 409 410 419 432 439 440 455 463 464 465 468 492 495
363 365 391 396 416 430 437 459 460 461 477 480 494
364 395 404 406 407 409 417 424 427 443 454 456 458 470 475 485
365 396 402 437 457 459 460 461 469 477 480 488 494
366 373 374 395 398 407 417 423 438 443 446 449 451 456 459 470 475 489 499
367 376 404 409 412 439 440 458 463 464 465 492
368 379 380 383 387 388 394 399 411 413 418 436 442 471 486
369 379 383 387 388 405 411 413 436 457 462 486 488
370 375 390 392 419 422 425 447 465 468 490 492 495
371 377 384 448 454 466 473 483 485 491 497
372 390 391 400 401 415 422 434 441 450 482 490 496
373 374 380 393 403 406 417 420 424 431 443 446 451 456 474 475 479 489 499
374 386 395 407 417 438 443 446 449 451 456 459 470 475 489 499
375 390 392 419 422 425 447 465 468 490 492 495
376 381 410 435 455 463 464
377 384 408 466 473 483 491 497
378 381 392 410 419 432 435 439 453 455 463 467 495
379 383 388 399 405 411 436 457 462 472 486
380 383 386 387 388 393 394 397 399 403 411 418 426 431 442 471 474 479 484 493 499
381 410 419 432 435 439 453 455 463 464 465 467 492 495
382 397 408 420 426 433 466 473 483 491 497
383 386 387 388 394 399 411 413 418 442 469 479 486 488 494
384 385 420 424 427 444 448 454 466 473 483 485 491 497
385 412 427 428 444 448 454 485
386 387 388 399 411 413 438 446 451 459 469 474 479 486 488 494 499
387 388 394 399 411 413 438 442 469 479 486 488 494
388 394 399 411 413 442 469 479 486 488 494
389 398 409 416 422 423 434 440 445 449 465 468 481 487 492
390 392 401 422 425 447 490
391 400 415 416 430 434 441 450 461 476 481 482 496
392 410 419 422 425 432 439 447 453 463 465 467 468 492 495
393 397 403 420 424 426 431 433 474 479 484 493 499
394 399 411 418 442 471 479 484 486
395 398 404 406 407 409 417 423 443 445 446 449 456 470 475 487 489
396 402 437 457 460 461 469 477 480 488 494
397 403 408 420 426 431 433 471 474 484 493
398 407 409 416 417 423 440 445 449 456 468 470 481 487 489
399 411 413 418 442 471 479 486
400 401 415 441 450 452 476 478 482 490 496
401 422 441 447 450 482 490
402 437 457 460 477 480
403 406 420 424 426 431 433 443 446 466 474 479 493 499
404 407 409 412 417 443 458 464 470
405 436 462 472
406 407 417 420 424 431 443 454 456 470 475 485
407 409 417 443 446 449 456 470 475 489
408 433 466 473 483 491 497
409 417 440 445 449 456 458 465 468 470 487 492
410 419 432 435 439 440 453 455 463 464 465 467 468 492 495
411 413 418 436 442 479 486
412 427 428 444 458 464
413 438 451 469 479 486 488 494
414 421 429 452 476 478 496 498
415 416 430 434 441 450 476 481 482 496
416 423 430 434 441 445 449 459 461 481 487
417 443 446 449 456 470 475 489
418 426 442 471 474 479 484 486 493
419 425 432 439 440 447 453 455 463 465 467 468 492 495
420 424 426 431 454 466 473 485
421 429 476 478 496 498
422 425 447 465 468 490 492
423 434 445 449 481 487
424 431 443 454 466 485
425 447 490 495
426 431 433 442 471 474 484 493
427 428 444 448 454 458 485
428 444 448 485
429 452 476 478 496
430 434 459 460 461 481 496
431 433 446 474 479 484 493 499
432 435 439 453 455 463 464 465 467 492 495
433 471 474 484 493
434 441 445 450 476 481 482 487 496
435 453 455 467
436 457 462 472 486
437 457 460 477 480
438 446 449 451 456 459 469 488 489 494 499
439 440 453 455 463 464 465 468 492 495
440 445 463 464 465 468 487 492 495
441 450 476 481 482 490 496
442 471 474 479 484 486 493
443 446 456 470 475 489 499
444 448 458 485
445 449 468 481 487
446 451 456 474 475 479 489 499
447 465 490 492 495
448 454 466 485 497
449 456 459 470 475 481 487 489
450 452 476 482 490 496
451 456 459 469 474 475 479 489 499
452 476 478 482 496
453 455 463 467 495
454 466 473 485 491 497
455 463 464 467 495
456 470 475 489 499
457 462 480 488 494
458 464 470
459 461 469 488 494
460 461 477 480 498
461 469 477 480 481 494
462 472 486 488
463 464 465 468 492 495
464 465 492
465 468 492 495
466 473 483 485 491 497
467 495
468 487 492 495
469 486 488 494
470 475 489
471 474 479 484 493
472
473 483 485 491 497
474 479 484 493 499
475 489 499
476 478 482 496 498
477 480
478 496
479 484 493 499
480 488 494
481 487
482 490 496
483 491 497
484 493
485 491 497
486 488
487
488 494
489 499
490
491 497
492 495
493
494
495
496
497
498
499
