#
# GMT Fri Dec 15 20:45:54 2023
# 
0 41 45 53 62 88 104 107 124 181 240
1 31 89 92 100 152 172
2 3 27 46 52 65 167 197
3 27 46 52 105 159 160 167 169
4 34 70 99 176 200 249
5 22 83 114 116 142 216 244 247
6 16 24 76 78 117 208 217
7 95 140 203 215 235
8 56 84 109 159 169 219
9 37 81 138 162 183 193 230 242
10 11 18 33 36 103
11 18 33 36 61 103 137 140
12 36 61 101 113 137 139
13 37 82 104 107 111 162 183
14 20 123 146 155 158 189 205 213 224
15 25 58 64 125 149 206 232
16 76 78 117 157 208
17 50 97 163 186 197 236
18 33 36 103
19 61 113 137
20 40 123 146 158 205 213
21 29 41 45 47 68 88 143 174 182 240
22 73 114 116 178 187 195 248
23 24 26 41 53 94 118 132 179 209 217
24 76 132 208 217
25 64 121 125 149 153 206 232
26 54 60 80 94 129 154
27 65 163 167 190 197
28 52 65 66 160 190 217
29 45 47 143 168 174 182
30 106 147 150 151
31 89 100 152 156 202 245
32 77 159 165 169
33 36 100
34 83 216 247
35 55 82 87 115 155 210 218 224 229 237
36 61 137 139
37 81 107 111 162 183 242
38 43 87 104 181 189 199 224
39 138 162 230 231
40 158 171 213
41 45 53 62 118 132 179 209
42 48 131 145 175 211
43 87 104 181 189 199 224
44 65 72 178
45 62 88 124 143 182 240
46 52 105 109 159 165 169
47 168 174 182
48 58 71 131 175 211
49 54 60 67 80 129 133 154 166 196 219
50 97 186 187 191 195 226
51 231
52 66 105 159 160 219
53 62 118 132 179 209
54 60 67 80 94 129 133 154 166 196
55 82 87 155 199 210 224 229
56 67 84 109 166 219
57 90 115 180 218 237 241
58 71 149 157 175 232
59 121 142 153 206 247
60 80 129 133 154 196
61 103 113 137 139 140
62 88 104 124 181 240
63 75 130 185 221
64 121 125 142 149 153 206 232 244
65 66 72 163 190
66 160 190 217
67 133 154 166 219
68 81 119 143 168 193 207 239 242
69 144 223
70 75 99 128 173 176 185 200 221
71 91 102 131 175
72 163 178
73 187 195 226 248
74 85 93 127 128 173 192 221
75 85 127 128 173 176 185 221
76 78 190 208 217
77 98 159 165
78 117 157 208
79 156
80 94 129 133 154 174 196
81 119 143 183 193 239 242
82 87 96 110 111 161 210 229
83 116 144 216 223 234 248
84 109 159 169
85 93 127 128 173 176 185 192 221
86 157
87 104 107 155 199 210 224 229
88 104 107 124 143 181 240
89 100 152 202 245
90 115 123 170 180 218 241
91 102 131 175
92 100 123 152 170 172 180 205
93 127 128 164 173 192 198 221
94 118 129 154
95 122 148 194 201 203 204 212 215 225 238
96 110 161 162
97 135 186 197 236
98
99 176 200 243 249
100 152 172 245
101 113 139
102 131 189
103 137 140 235
104 107 111 124 181 199 240
105 109 159 160 166 169 219
106 150 233
107 111 124 181 240
108 191 226 234
109 159 169 219
110 161 229 237
111 162 183
112 122 147 148 150 194 212 222 238
113 137 139
114 116 178 244
115 123 155 180 210 218 229 237 241
116 142 216 247
117 157 208
118 132 179 209
119 193 207 239
120 135 165 167 197 236
121 142 206 244 247
122 148 150 194 215 233 238
123 146 158 170 180 205 213 218
124 143 181 240 242
125 136 149 153 177 206 220 227 232 246
126 164 192 198
127 128 173 176 185 192 221
128 173 176 185 192 221
129 133 154 196
130 151 184
131 175
132 179 209 217
133 154 166 196
134 153 222
135 186 236
136 153 177 204 206 212 220 222 227 246
137 139
138 183 230 231
139
140 203 235
141 145 171 188 214 228 235
142 216 244 247
143 182 193 240 242
144 223 234
145 188 211 228
146 158 205 213
147 150 151 194 238
148 194 201 204 212 215 220 222 238
149 206 232
150 233 238
151 184
152 202 245
153 177 206 227
154 166 196
155 199 210 224 229
156 245
157
158 205 213
159 165 169
160 190
161 162
162 183 230
163 167 197
164 192 198
165
166 219
167 197 236
168 174 182 207
169
170 180 202 205 218
171 172 214
172 214
173 176 185 192 221
174 182
175 211 232
176 185 200 221
177 204 212 220 222 227 246
178
179 209
180 202 205 218 241
181 199 240
182
183 193 242
184
185 221
186 197 236
187 195 226 234 248
188 201 203 225 228 246
189 199 224
190
191 226
192 198 221
193 207 239 242
194 204 212 220 222 238
195 248
196
197 236
198
199 210 224
200 243 249
201 203 204 225 228 235
202 245
203 225 228 235
204 212 220 222 225 227
205 213 218
206 232 244
207 239
208 217
209
210 224 229
211 246
212 220 222 227 238
213
214
215 233 238
216 247
217
218 229 237 241
219
220 222 227 246
221
222 227
223 234
224 229
225 228 235 246
226 234 248
227 246
228 235
229 237
230 231
231
232 246
233 238
234 248
235
236
237 241
238
239
240 242
241
242
243 249
244 247
245
246
247
248
249
