#
# GMT Wed Oct  4 19:20:40 2023
# 
0 3 8 11 19 22 26 37 39 43 53 61 96 98 100 102 107 109 134 136 155 165 171 193 220 221 229 268 276 278 300 308 369 376 379 380 390 425 461 480 484 496
1 16 20 24 25 27 40 55 85 89 90 103 108 112 113 120 127 131 137 171 175 176 239 257 267 291 297 308 313 314 319 332 339 346 355 362 369 375 378 387 418 428 445 447 448 458 460 469 471 489
2 3 29 44 47 48 50 55 62 79 81 92 98 101 140 155 159 175 185 215 237 245 250 263 266 268 271 277 290 292 295 296 298 313 329 330 333 353 355 369 383 387 388 411 414 438 441 447 460 464 477 495 497
3 4 5 12 13 19 59 65 68 91 106 115 117 122 158 180 193 202 210 215 234 241 247 254 257 264 275 276 297 307 310 332 344 365 366 369 372 374 383 401 404 411 418 421 430 450 462 479
4 11 20 27 31 40 45 64 65 129 145 150 152 167 174 175 180 185 190 201 211 230 239 259 267 279 285 308 311 334 339 343 346 413 416 422 461 466 469 475 480 484 486 496
5 25 49 65 66 80 83 93 112 132 148 149 151 152 156 159 164 174 191 232 233 246 256 261 276 277 288 315 325 326 341 376 390 400 407 409 410 412 415 430 446 447 453 459 462 471 487 489
6 10 20 24 30 48 60 63 68 86 125 126 135 136 142 159 165 168 171 180 192 194 205 219 220 240 242 243 257 258 259 300 328 333 342 348 350 352 354 364 373 387 389 392 400 403 431 432 436 453 485 487 488
7 77 78 85 112 131 136 146 147 176 196 216 234 271 285 324 325 326 329 335 350 361 368 386 387 389 390 408 410 420 424 428 441 442 445
8 9 19 27 31 35 40 44 52 60 65 72 74 99 114 129 144 150 162 182 183 187 196 212 220 232 239 251 257 262 299 308 315 322 323 336 353 354 355 368 369 405 426 432 439 460 467 468 470
9 23 45 46 54 66 76 118 122 123 151 153 160 161 168 192 199 213 225 234 248 250 251 261 271 274 277 288 289 291 292 297 302 310 311 315 316 320 327 334 337 348 352 371 377 385 390 397 434 436 440 465 472 489
10 13 34 47 64 69 82 84 108 111 114 119 122 127 141 160 167 180 183 192 211 212 214 216 220 226 235 253 254 270 288 295 298 307 313 340 358 362 366 382 408 432 433 435
11 17 25 38 45 58 63 109 112 117 176 178 197 198 211 228 236 255 256 259 289 304 320 371 388 398 405 423 446 449 460 470 475 476 477 479 497
12 27 39 43 51 54 70 82 89 99 100 101 123 139 140 166 178 186 201 206 216 224 226 230 244 245 246 248 254 258 268 281 293 294 296 301 306 310 316 335 336 347 351 378 387 394 429 435 451 457 459 461 462 464 492
13 28 32 37 45 53 68 79 82 92 103 106 112 113 114 119 124 139 147 172 193 207 211 219 227 234 235 248 253 254 279 296 317 345 366 381 390 395 410 430 439 445 459 465 476 480 484 497
14 15 27 49 56 96 97 103 124 146 149 150 165 172 178 208 209 218 222 241 272 280 282 283 290 327 328 331 346 353 367 368 373 379 380 389 394 396 399 401 404 405 419 429 454 457 471 495 498
15 21 34 39 60 63 70 86 89 109 114 131 134 136 169 186 200 210 220 226 231 253 268 274 275 288 295 306 334 372 395 398 432 437 447 458 460 469 477 479
16 25 37 38 44 85 86 90 96 104 106 118 120 136 141 146 149 175 186 191 199 203 229 230 246 247 251 266 292 320 331 341 373 385 422 426 445 471 477 481 486 490
17 26 45 50 52 54 65 90 106 109 127 129 140 182 188 196 205 208 229 233 242 253 260 268 270 276 279 280 319 326 329 335 340 347 349 362 370 399 403 415 426 430 433 437 440 457 459 470 487 490 491
18 20 42 47 56 59 66 86 94 99 107 112 135 146 159 163 164 185 186 211 240 248 282 292 325 336 345 347 361 365 377 379 397 417 422 426 427 432 439 443 444 454 455 464 472 476 480 499
19 23 29 43 50 69 74 88 90 107 132 137 141 145 158 162 164 178 179 191 194 209 210 216 217 231 236 248 267 273 285 291 292 294 298 330 347 348 355 377 384 388 391 400 408 415 424 425 433 454 455 461 468 483 492 493 494
20 43 66 87 103 108 129 149 150 159 161 178 184 188 192 197 213 233 243 244 295 301 304 321 325 338 349 353 365 396 412 425 433 435 456 457 464 477 481
21 23 25 49 51 60 62 72 85 93 99 102 104 117 135 141 144 156 159 171 180 187 197 201 205 217 229 245 260 276 281 288 300 320 324 325 336 339 362 377 379 398 400 420 426 433 435 472 483
22 24 34 36 38 75 89 93 122 127 141 149 177 179 217 218 219 224 227 241 255 257 278 281 289 301 335 359 360 373 394 408 432 438 445 448 449 458 462 466 473 478 485 490
23 28 30 51 61 71 99 100 105 108 110 111 137 170 180 188 194 196 209 213 220 223 232 236 238 239 251 279 284 288 292 293 310 317 319 327 329 340 354 372 376 386 391 394 398 403 405 407 423 438 460 462 465 470 485 486
24 35 44 46 47 54 90 92 107 109 111 112 117 135 149 151 154 161 165 167 173 186 206 209 212 227 231 233 242 246 256 277 295 313 315 327 343 346 360 361 372 376 386 390 441 442 448 451 456 458 462 490
25 39 65 67 73 78 84 130 136 145 158 191 193 210 217 245 247 254 255 269 272 276 279 281 302 307 308 312 332 349 351 356 374 377 390 396 398 427 428 441 455 456 463 464 470 475 477 486 488 496 498
26 30 38 40 50 81 93 94 101 105 107 110 114 127 152 164 226 234 235 250 251 253 269 279 290 301 305 307 332 336 369 374 381 393 398 420 427 434 438 494 496 499
27 41 51 52 54 57 81 83 95 106 119 124 125 127 131 147 151 155 163 188 191 227 230 237 248 252 269 271 287 289 292 302 318 324 325 330 334 347 376 388 395 401 405 434 458 466 490 492 493
28 54 62 120 121 132 134 147 169 174 177 188 191 194 208 212 215 217 224 246 258 262 292 293 298 307 323 328 340 346 356 380 410 420 422 454 457 460 497
29 30 36 40 42 56 64 65 81 83 85 92 110 135 142 157 166 178 184 190 216 219 222 235 238 249 258 289 295 303 313 333 339 341 343 351 361 363 371 381 391 406 408 418 424 441 455 472 493
30 42 45 79 82 87 93 97 102 108 117 139 150 153 157 165 175 176 185 195 225 237 239 243 253 255 258 260 265 278 281 282 304 305 308 309 313 323 345 378 381 385 386 403 409 420 425 435 454 457 485 493
31 35 58 75 80 148 166 168 171 173 178 182 183 188 194 198 208 220 224 225 228 245 246 257 258 265 278 288 302 311 313 322 323 331 343 355 357 377 400 405 422 427 433 435 440 453 460 462 470 476 489 494
32 50 62 68 71 81 87 108 117 121 125 177 179 193 196 218 221 228 236 241 265 271 277 279 289 296 334 336 341 345 350 362 381 385 406 409 414 416 422 449 451 476 487 496
33 37 38 55 71 78 79 95 97 98 116 120 141 152 153 161 169 176 191 203 206 220 240 241 245 247 256 257 264 271 273 281 288 289 292 305 307 314 348 354 361 372 380 384 388 417 421 435 467 473 490 493
34 44 54 67 68 75 81 100 102 103 105 114 123 177 197 202 212 215 232 234 235 236 244 257 259 280 282 294 298 304 314 326 340 341 365 371 374 388 390 413 414 426 439 451 470 471 485 492
35 40 52 62 65 71 80 88 98 110 116 120 121 124 127 130 135 141 145 157 172 174 176 199 204 223 225 226 227 238 256 268 319 321 341 355 365 379 383 385 395 396 397 423 432 455 459 466 468 489 490 495
36 38 48 63 72 99 124 139 145 154 158 164 185 199 209 210 223 248 251 252 260 290 327 337 339 357 369 372 380 388 403 418 423 425 432 439 442 454 461 473 474 483 497 498
37 61 67 68 69 96 110 117 119 130 131 135 146 150 152 176 177 197 201 210 212 228 236 252 261 277 280 294 295 303 311 312 316 321 345 351 363 365 382 386 389 397 400 403 405 408 415 417 421 439 466 470 485 496
38 41 67 75 77 90 174 179 183 211 217 240 243 253 260 288 289 295 304 311 319 330 339 342 349 363 376 391 395 420 422 427 430 436 441 442 447 457 462 464 494
39 61 62 63 78 88 92 106 131 133 136 148 151 173 221 228 231 259 267 274 296 305 319 326 334 335 352 353 373 381 382 411 413 421 425 434 451 492 495
40 43 47 48 63 84 94 103 109 129 130 147 157 172 182 186 206 274 283 285 297 319 320 337 352 356 362 365 375 376 422 426 427 428 435 466 483 490 498
41 45 94 116 122 148 149 151 152 153 164 186 193 199 212 226 250 263 274 281 282 317 344 348 362 369 375 386 422 460 475 482 496 497
42 43 56 69 73 82 87 95 101 103 108 116 124 140 143 148 154 157 179 191 193 203 207 218 223 244 246 252 258 259 261 265 271 274 277 288 304 307 314 315 316 320 323 324 336 337 358 374 377 379 389 416 436 440 460 461 470 479 482 493
43 67 81 86 89 96 112 122 124 139 148 149 157 159 179 180 184 208 246 257 272 275 278 284 287 302 312 320 330 339 344 379 381 389 398 423 424 429 435 445 449 453 461
44 64 85 89 111 113 120 121 125 128 131 137 144 149 156 170 178 191 192 199 215 219 247 248 262 290 300 309 313 322 327 331 342 345 348 352 359 370 390 394 397 412 417 419 420 430 434 438 444 445 456 457 464 465 466 472 493 494
45 49 60 74 104 120 124 137 150 168 169 175 202 213 224 238 252 271 272 275 276 306 316 338 340 350 369 374 376 390 394 442 454 469 486
46 50 51 54 75 82 84 86 92 102 116 119 134 138 150 158 179 187 191 193 197 198 208 221 224 230 233 243 263 264 266 275 283 295 309 313 348 356 357 358 360 372 384 386 395 422 423 463 477 486 490
47 53 69 73 75 85 104 112 113 123 124 132 141 143 150 153 159 161 185 206 215 220 224 234 251 260 267 268 283 294 301 306 309 320 323 326 331 340 346 353 377 409 410 430 442 474 479 483 488 493 495 497
48 51 59 60 74 83 87 94 144 148 152 163 175 181 184 186 193 204 236 246 270 277 278 293 298 300 303 307 322 326 330 339 343 348 353 372 376 393 417 435 440 452 454 463 469 479 485 486 488 495
49 60 82 94 116 122 127 132 145 162 166 172 174 189 193 195 202 207 210 236 238 246 250 296 301 305 331 334 345 351 357 370 379 383 385 394 401 411 414 433 437 445 473 488 493 494 497
50 60 80 90 102 117 131 136 145 146 150 167 180 188 190 202 226 234 244 245 247 251 255 291 296 317 318 324 334 356 357 368 394 405 417 422 434 455 461 478 479 489 492 498
51 54 55 59 60 89 109 122 125 135 141 149 159 161 164 168 171 179 182 196 199 201 213 234 250 251 256 261 266 269 287 319 321 322 324 372 390 394 400 415 438 443 451 473
52 55 70 77 83 106 110 119 124 131 143 150 154 164 173 186 198 222 226 236 239 286 291 300 307 314 331 337 351 354 387 390 409 421 429 430 463 467
53 73 87 90 122 136 137 139 147 162 169 174 197 204 205 212 220 221 228 243 248 249 256 259 271 272 283 292 312 323 337 339 346 347 364 371 381 384 395 406 411 431 440 460 468 475 477
54 55 64 65 74 78 83 88 103 105 116 121 122 124 134 142 148 160 167 174 187 217 226 235 243 258 263 265 285 297 299 302 311 315 319 320 334 346 370 389 391 405 409 413 419 435 443 447 451 460 466 480 484
55 65 66 73 77 79 93 104 120 128 145 148 159 161 169 181 190 192 213 217 219 221 231 247 248 255 261 262 282 284 298 308 314 316 317 329 332 333 336 348 356 357 364 365 368 388 391 401 406 423 445 454 456 484 490
56 72 78 121 136 142 143 147 153 160 165 167 178 188 203 223 225 226 244 252 267 277 286 293 306 310 313 332 335 342 368 396 399 400 402 406 417 436 448 455 467 485 489 490 496
57 58 66 80 88 95 98 99 112 130 143 147 165 181 182 186 205 213 216 219 222 229 236 245 248 253 265 288 302 326 328 329 338 365 375 393 402 431 436 437 442 447 457 460 461 468 470 475
58 69 92 127 129 131 135 136 144 151 153 162 166 177 183 188 194 198 203 206 218 220 224 232 234 252 257 271 276 279 296 305 307 309 322 329 336 343 350 352 354 358 369 386 392 410 434 490 493 495
59 77 93 94 96 113 128 136 164 183 184 200 203 217 221 250 259 261 284 285 287 289 331 334 339 346 351 358 377 384 389 401 405 416 417 476 480 483 488 494
60 74 75 83 121 125 132 140 144 152 154 179 181 186 213 245 252 256 281 317 319 332 334 339 359 366 386 387 399 414 416 418 423 444 451 456 458 474 485 490 499
61 63 78 84 90 98 99 100 126 135 140 155 162 180 181 193 207 219 221 224 234 241 251 267 270 272 290 291 292 301 313 323 324 325 328 358 365 413 419 427 429 438 445 451 455 458 470 475 482 488 499
62 63 79 93 106 111 122 127 141 147 151 155 165 167 170 178 180 187 193 242 249 268 285 290 293 309 314 323 332 338 340 369 380 388 397 404 407 411 420 422 434 453 467 468 480 485
63 77 93 106 112 120 131 150 160 169 193 197 232 234 250 251 275 279 295 305 316 327 335 344 354 363 365 373 377 381 401 406 410 415 456 479 495 497
64 75 98 105 109 112 127 134 139 142 147 152 155 157 163 167 179 181 206 208 222 226 242 268 302 314 317 329 338 339 342 343 359 371 374 380 411 447 475 479
65 76 86 87 100 111 118 124 138 142 145 162 173 190 225 233 243 253 263 264 293 297 331 337 350 357 376 378 379 393 396 400 402 418 445 450 482 489
66 70 78 86 97 105 116 135 141 144 153 156 202 207 214 221 226 229 246 251 254 275 288 299 304 325 333 356 367 376 377 382 390 424 425 443 448 460 473 483 485 488 492 497
67 74 88 101 105 115 119 123 131 140 152 155 164 183 194 196 209 221 225 246 250 255 258 279 294 295 298 315 331 338 371 381 389 402 409 424 435 448 456 466 481 482
68 73 79 90 118 166 183 194 197 198 216 217 231 233 234 237 274 279 291 297 312 330 334 343 362 366 372 421 424 435 437 446 456 493 495 496
69 72 76 77 114 124 125 128 148 153 154 166 172 174 182 201 202 242 250 251 252 259 261 262 269 271 300 303 320 331 336 339 340 341 346 358 361 406 410 416 429 431 434 439 442 445 446 447 454 459 462 464 472 479 482 486 487 497
70 76 90 113 120 121 130 136 139 143 151 157 161 165 172 174 186 189 191 204 205 207 234 235 252 265 279 284 305 327 332 346 349 360 367 373 384 388 389 393 401 412 419 421 429 438 439 442 480 482
71 83 89 98 117 124 132 144 145 150 151 162 163 177 228 229 243 255 270 279 292 321 327 336 337 354 392 406 416 417 424 437 442 453 465 473 491
72 74 89 90 92 94 98 101 102 103 108 110 111 113 132 170 178 184 206 224 225 237 238 241 265 286 291 292 319 320 321 329 333 336 359 367 392 393 415 417 444 457 458 473 496 498
73 107 108 134 143 189 199 202 223 226 237 241 252 276 277 278 281 290 291 298 304 312 319 343 362 363 385 387 394 401 410 413 418 421 440 446 449 463 476 496
74 86 92 95 123 140 153 173 189 209 222 223 237 245 252 264 274 280 281 287 316 330 331 355 362 365 368 371 387 413 414 434 435 441 451 467 469
75 95 98 100 104 108 110 111 113 136 143 147 162 167 168 192 202 219 221 225 240 249 279 304 316 322 332 350 355 365 378 394 396 403 405 413 416 420 421 426 446 453 455 460 463 472 488
76 79 80 81 86 88 106 109 118 125 143 147 149 150 164 197 209 211 212 215 226 237 254 258 259 282 288 294 327 335 343 345 351 361 371 376 423 424 431 432 436 456 472 492
77 82 94 97 114 129 132 140 143 164 170 190 192 194 196 199 203 217 223 227 232 234 239 250 257 271 273 284 298 315 324 329 334 342 346 349 355 357 380 384 392 401 429 438 444 456 462 479
78 81 91 112 122 126 138 147 165 166 168 171 175 180 195 216 220 233 237 243 247 257 259 266 270 284 287 301 311 312 314 320 337 367 370 390 400 408 424 425 461 470 475 477 492
79 98 109 112 117 131 142 148 156 165 169 175 194 216 241 244 251 269 273 281 283 291 313 328 330 345 349 361 371 372 373 387 395 400 401 405 425 433 435 446 458 460 462 472 473 474 487 498
80 81 86 89 101 117 121 145 160 169 176 177 181 200 215 225 227 230 232 253 256 283 297 352 356 384 418 431 434 450 453 469 473 490 494
81 83 87 90 97 99 101 106 109 132 137 156 159 167 179 186 209 214 235 237 254 304 311 346 347 349 356 363 365 373 420 441 445 464 478 490
82 98 109 123 129 137 155 166 167 172 182 185 186 205 208 227 231 243 244 252 275 282 283 286 302 304 315 317 319 322 325 331 337 338 343 349 354 358 359 363 391 434 442 459 465 472 487
83 88 89 93 101 105 112 118 137 138 144 147 155 162 169 170 179 185 189 199 200 207 219 230 235 249 258 267 269 273 274 301 302 304 305 306 312 325 333 361 373 377 389 395 436 454
84 116 133 148 154 155 165 179 188 190 195 200 208 221 222 224 230 231 248 259 268 269 278 281 282 290 300 302 303 310 318 320 328 332 333 335 338 361 369 378 382 390 393 394 395 426 429 438 442 444 449 451 457 461 469 471
85 125 137 145 148 149 165 169 189 206 209 232 234 235 251 255 257 271 274 288 294 304 314 316 329 336 339 345 360 371 376 381 387 399 405 406 407 418 436 444 446 449 479 484 488
86 100 125 179 180 186 199 211 259 264 270 306 309 314 315 323 337 340 346 348 352 356 362 370 373 383 403 413 414 420 423 428 436 443 444 445 449 484 495
87 89 95 103 109 120 121 123 135 144 147 153 157 160 168 173 176 201 222 250 252 256 284 306 316 319 325 337 342 343 359 439 445 448 456 460 477 479 480 483 492
88 91 96 101 105 106 131 145 146 155 176 181 202 217 246 251 264 270 304 306 313 317 318 326 332 333 363 369 386 398 414 419 428 429 430 441 443 445 449 465 468 472 474 496
89 118 123 132 135 138 199 214 216 217 218 221 240 245 246 258 264 265 276 282 303 331 337 347 353 358 370 383 391 399 403 414 418 420 422 436 460 467 479
90 104 136 138 144 155 161 163 171 173 197 227 230 241 243 244 249 293 295 296 299 305 306 308 327 341 373 403 407 413 436 454 460 462 499
91 93 98 112 120 126 133 153 155 160 179 186 224 229 237 240 248 301 314 320 322 327 328 331 344 353 354 358 359 372 398 406 423 431 453 459 489 498
92 94 100 112 117 141 146 147 152 174 200 205 230 243 245 252 261 276 309 362 371 373 378 383 391 392 401 408 419 421 422 426 433 440 443 444 447 453 477 487 488
93 105 116 119 120 131 135 139 158 159 166 170 200 214 246 258 265 275 298 311 337 338 340 341 342 356 364 365 374 376 421 440 441 449 490
94 96 99 126 148 163 171 174 191 197 205 207 208 213 220 223 224 229 258 265 279 282 291 303 313 315 317 324 326 328 338 347 354 361 365 373 382 403 404 408 432 438 458 460 461 479 488 491 499
95 100 109 114 115 131 135 140 178 198 223 225 234 235 245 294 296 306 317 320 333 343 345 359 373 388 399 405 407 411 413 446 447 453 458 461 467 477 483
96 108 116 125 130 136 140 143 155 161 168 181 190 194 197 206 210 221 234 237 238 243 253 267 271 272 273 278 289 294 307 311 314 320 349 357 372 396 402 411 433 436 445
97 108 109 113 123 127 131 137 143 152 163 177 185 189 205 207 211 221 228 230 231 240 261 263 264 283 284 287 310 320 321 329 341 352 372 389 393 398 400 401 408 433 444 481 489 493 497
98 102 103 112 117 137 148 150 168 174 185 186 188 189 190 204 224 238 248 255 260 266 269 273 308 336 338 341 349 352 354 360 361 362 406 414 434 436 439 441 478
99 105 111 116 130 146 147 149 167 184 187 196 206 210 214 215 231 246 271 276 297 311 323 331 333 335 348 360 410 436 451 458 460 462 471 474 478 479 483
100 111 138 140 167 180 183 187 188 191 201 215 231 252 256 271 282 285 290 307 312 317 329 342 348 356 407 418 422 425 449 454 472 491
101 111 136 150 155 180 205 218 220 230 239 241 248 259 268 278 279 283 289 328 352 362 368 371 373 375 380 401 403 404 429 430 439 484 491 493
102 115 124 140 159 172 174 184 195 199 213 253 261 266 280 286 304 314 315 339 346 365 385 392 393 409 428 431 438 449 451 455 458 465 469 472 487 489
103 141 144 154 169 172 185 187 206 211 214 215 233 238 240 241 248 260 265 267 286 308 310 313 318 344 351 358 376 381 397 416 420 423 426 445 464 481
104 124 134 156 179 194 202 209 211 237 238 246 248 254 268 287 292 295 343 347 364 368 407 427 429 436 444 458 473 486
105 123 126 129 166 178 203 218 223 227 230 233 236 239 256 272 281 303 309 343 360 361 368 370 376 388 389 395 396 402 413 423 432 437 440 441 446 457 471 472 486 488
106 155 161 162 164 171 172 174 184 186 194 197 200 201 206 217 223 225 234 240 251 262 267 268 270 278 279 289 298 303 358 367 409 419 431 439 447 457
107 112 113 117 119 126 131 133 142 143 146 156 166 168 172 178 183 184 217 219 224 238 242 255 259 264 265 273 274 275 282 294 303 322 333 336 343 402 414 422 434 440 445 463 466 473
108 109 111 122 123 135 141 142 146 162 168 169 207 220 227 234 239 243 249 254 290 331 335 343 345 348 375 416 425 432 443 445 447 452 483 486
109 120 128 129 134 137 151 156 159 171 176 182 186 191 192 197 213 227 229 232 234 248 256 276 279 280 293 298 305 313 314 320 322 341 356 372 373 383 385 395 400 404 423 432 460 465 487 491 497
110 135 145 146 158 187 197 200 208 220 228 239 245 251 267 274 320 323 326 330 333 343 346 364 369 370 373 379 383 396 397 430 436 441 445 460 464 472
111 129 132 141 142 143 146 161 169 180 233 234 240 257 262 267 270 273 283 287 295 298 304 311 315 329 335 336 357 364 368 383 414 416 422 445 455 456 468 489 491 497
112 128 129 155 167 193 200 208 216 254 270 286 292 295 301 318 320 351 367 375 388 393 407 425 427 450 482 483 496
113 114 127 131 132 136 153 156 181 187 189 210 214 220 222 223 226 232 233 249 259 262 264 269 274 288 320 332 342 348 362 416 433 434 437 443 472 495 497
114 123 126 148 155 162 196 197 203 204 206 233 236 242 263 266 279 286 287 300 312 317 321 343 360 365 368 376 378 379 404 441 447 451 474 481 482 486 493 497
115 160 163 210 213 217 219 241 249 251 264 272 282 293 323 324 329 361 368 401 404 414 421 426 436 467 476 494
116 119 124 143 180 202 205 206 209 220 249 257 261 266 289 290 313 315 318 353 362 364 372 378 385 399 406 407 429 430 437 438 444 448 450 451 452 454 464 468 472 495
117 120 121 128 133 136 156 167 174 178 190 193 203 208 240 244 254 257 258 260 270 276 278 294 300 310 312 320 333 344 348 360 382 419 422 424 425 431 440 482
118 132 149 154 155 165 169 171 182 187 202 205 208 219 239 244 245 260 262 264 286 301 328 336 355 359 376 381 384 385 387 394 431 435 438 447 449 465 468 479 484
119 126 136 139 155 198 199 201 204 206 217 229 230 232 239 241 255 257 258 259 261 263 285 290 305 307 310 311 316 323 326 350 358 364 385 425 428 431 432 445 467 479 488 490 493 495
120 125 144 148 149 158 172 175 177 180 184 196 208 210 217 223 267 291 299 313 316 320 324 335 339 353 359 360 361 372 380 403 438 442 446 457 461 468 471 474 480 498
121 123 128 140 162 168 169 172 176 184 195 204 228 229 232 247 248 252 266 300 319 321 324 329 330 331 334 340 346 353 360 366 371 373 378 380 382 386 392 399 421 430 434 435 436 446 454 479 482 484 492 495
122 126 130 159 204 205 206 240 255 279 285 307 316 317 331 345 348 349 353 367 371 376 397 405 406 408 410 419 439 446 448 453 455 464 482
123 134 139 142 146 157 166 169 204 215 224 258 261 276 292 312 313 327 354 357 362 385 387 389 396 402 403 440 442 468 480 490
124 135 159 162 165 202 209 216 239 244 256 259 269 275 293 298 323 331 333 343 359 399 414 415 418 429 457 463 468 492 496
125 132 152 170 184 193 214 215 218 227 233 253 260 275 278 301 318 324 327 340 343 344 352 362 382 383 407 409 413 418 471 474 479 489 490 492
126 129 137 142 147 162 164 171 182 184 185 187 207 213 215 217 218 228 243 270 273 287 289 290 291 308 341 343 353 355 356 367 370 390 398 401 419 429 445 460 469 473 484 491 492
127 131 174 183 186 207 211 217 225 228 231 236 248 254 257 261 276 298 303 343 357 401 406 408 430 440 443 445 450 461 473 478 481 486 499
128 129 133 143 145 150 171 174 177 179 183 189 194 201 209 212 220 235 237 249 257 276 312 326 330 337 338 343 348 353 366 372 377 393 396 400 408 410 415 422 430 443 447 456 494
129 139 142 143 162 183 188 191 204 207 210 230 231 243 258 260 264 267 269 278 303 318 320 324 352 368 379 400 440 452 459 468 482 497
130 156 160 168 192 205 231 235 242 279 281 290 299 329 348 392 414 421 426 432 434 435 453 455 464 471 481 484 495
131 143 145 147 160 175 180 199 225 240 242 253 274 285 286 290 291 293 300 315 335 342 345 354 366 380 382 414 456 465 488
132 160 165 173 195 201 221 226 233 250 254 293 296 297 303 309 311 313 326 346 349 353 379 390 420 424 447 451 473 477 479 481 486 490 492
133 136 139 161 173 186 200 215 219 220 227 244 249 262 270 273 275 317 318 322 331 345 351 362 390 397 404 406 431 439 457 472 492
134 151 163 181 193 195 215 216 220 257 263 266 268 307 313 320 331 340 351 365 377 380 401 403 405 412 425 432 449 455 465 472 480 488 489 493 497
135 143 151 167 172 193 195 216 238 256 260 265 270 271 290 291 298 299 307 325 336 340 349 372 374 405 418 441 445 469 484 493 497
136 141 146 150 154 157 186 192 197 219 224 242 252 275 278 291 293 310 354 382 390 394 395 398 419 426 441 449 467 473 479 486
137 143 149 186 187 190 209 211 216 224 243 253 258 283 292 300 303 307 310 327 330 338 353 354 358 361 371 385 409 414 431 436 437 441 443 447 448 459 461 472 480 481 491
138 141 154 158 184 196 206 222 225 254 256 271 275 277 300 335 348 352 354 357 376 380 383 389 390 396 415 426 428 432 438 445 458 459 468 469 484 486
139 140 145 151 161 168 182 184 188 200 231 236 239 246 262 264 266 283 296 302 308 312 319 326 372 376 383 387 400 414 435 492
140 143 159 172 177 185 198 211 229 233 247 249 253 266 274 278 302 306 316 318 322 325 337 341 350 353 362 367 371 377 394 401 406 417 434 458 462 467 481 488 491 492 499
141 147 149 153 154 157 175 190 200 205 211 213 226 228 256 259 301 304 305 311 319 341 355 360 376 381 386 387 398 409 427 433 436 442 448 452 471 490 492 497
142 143 156 159 160 178 188 198 208 222 225 228 231 242 247 251 258 259 262 268 269 270 284 290 295 308 321 347 353 365 383 384 386 387 392 405 406 407 409 413 432 479 495 499
143 148 164 179 187 190 198 204 223 236 237 247 271 274 284 297 311 322 325 335 342 350 353 361 363 384 392 393 395 409 425 431 434 445 446 447 470 475 478 484 492
144 159 161 184 188 204 205 206 230 250 252 253 255 264 265 302 314 316 323 346 380 383 398 413 440 460 479
145 152 161 162 168 169 193 201 212 215 221 227 231 233 234 240 247 261 282 291 306 314 318 324 325 350 376 379 384 410 413 425 440 448 462 469 470 472 482
146 148 149 164 173 194 202 203 206 221 226 236 261 278 285 287 297 303 322 333 350 362 363 364 371 382 383 405 412 419 452 454 459 484 486 496
147 152 153 161 164 170 196 200 204 215 217 218 231 259 264 268 287 298 304 305 316 318 319 322 329 343 345 351 361 362 371 375 386 387 412 419 424 432 448 456 476 484 490 491 495
148 149 162 183 197 206 213 214 231 236 240 241 243 247 255 259 260 263 266 289 291 301 307 310 319 330 332 347 369 403 408 416 418 449 456 468 476 479 495
149 160 161 187 193 198 200 205 208 218 231 241 245 263 295 304 334 339 343 345 358 360 362 366 367 384 386 396 405 421 431 446 456 459 460 464 478 481 495
150 157 171 181 201 202 209 214 254 278 281 290 301 311 316 338 343 346 347 381 393 426 441 447 454 456 497
151 152 156 159 162 163 166 175 181 185 215 220 248 257 262 268 275 299 329 340 347 349 352 358 366 367 372 374 381 399 441 455 480 488 493
152 153 156 181 183 195 209 222 225 234 268 271 281 291 293 296 298 318 322 327 331 337 338 343 345 346 350 356 372 409 425 427 438 465 466 469 482 486 499
153 159 165 167 203 225 226 227 235 248 265 276 291 295 318 328 333 337 348 375 379 382 403 406 414 417 431 448 455 490
154 158 161 167 179 180 226 240 241 248 251 275 294 297 300 319 332 334 338 349 358 364 366 392 394 396 403 423 426 428 430 454 462 470 476 478 481
155 169 193 194 205 221 232 236 238 241 242 247 257 262 263 283 284 291 335 340 352 357 358 365 391 404 406 409 412 434 437 450 453 461 465 467 470 489 491 494
156 169 179 182 185 208 212 215 220 226 241 242 253 257 287 297 307 319 320 322 328 333 359 365 385 390 393 400 411 416 452 455 472
157 167 184 188 193 198 199 221 226 247 253 257 259 267 268 284 290 298 300 304 317 338 348 367 368 371 381 388 394 397 401 412 421 426 427 429 452 455 461 464 479 482 490
158 159 166 174 177 189 202 212 221 244 250 257 259 263 298 356 358 364 380 389 391 394 399 418 444 456 475 481 488 499
159 182 188 193 195 204 236 238 251 259 260 264 266 269 272 300 321 325 352 363 365 380 386 416 417 419 422 424 426 429 436 442 443 453 456 467 469 474 476 486 488 489 498
160 167 172 182 189 201 206 208 220 222 225 235 240 273 286 289 316 348 377 394 402 406 413 426 436 462 465 478 480 489 495
161 188 192 215 222 232 245 254 255 264 268 274 279 297 299 300 307 310 313 322 325 345 356 359 367 383 396 421 438 455 462 463 466 492
162 165 170 174 176 183 220 230 246 259 276 277 286 289 297 298 301 305 306 310 313 336 338 357 368 387 388 420 428 449 458 462 477 483 484 490
163 175 177 185 196 198 202 206 208 209 224 231 233 239 248 260 279 280 281 286 290 296 313 324 331 356 361 381 420 425 429 448 468 480 490 498
164 170 192 203 204 210 211 245 247 251 256 265 269 286 291 301 307 321 329 331 332 338 340 360 363 370 394 395 396 401 402 405 421 438 452 458 466 472
165 168 174 188 198 215 224 228 230 243 252 263 266 269 282 290 303 308 316 331 335 336 343 356 360 362 372 384 385 389 397 411 435 436 450 454 467 478 489 492 494
166 181 187 195 207 215 216 218 223 239 244 251 272 274 290 305 307 314 323 326 342 345 364 374 378 379 384 398 403 425 456 477 478 491 493
167 180 201 213 222 242 295 300 302 310 313 316 320 322 324 351 363 378 381 398 416 427 430 439 446 474 480 484 487 492 493 498
168 172 175 178 179 180 186 231 242 243 255 256 260 265 268 272 307 334 345 357 360 363 365 377 392 394 399 400 424 425 439 461 464 473 477 487 488 493 496
169 175 190 206 214 235 237 248 263 266 291 320 322 333 357 358 362 374 380 383 387 419 432 433 450 468 471
170 175 180 196 197 204 209 228 235 241 254 260 301 310 314 317 352 364 368 372 389 391 398 427 434 437 442 444 446 452 461 464 473 478 481 488 492
171 183 186 187 189 201 204 205 218 220 230 233 242 245 271 281 289 294 301 304 317 329 331 346 363 366 372 385 405 411 415 416 420 438 442 445 450 463 466 473 483 496
172 245 262 273 280 288 323 335 344 347 352 355 364 367 374 388 393 400 403 404 414 429 469 482 483 499
173 199 227 228 232 237 254 257 268 271 274 278 285 290 299 305 319 321 338 341 343 372 389 396 401 403 410 411 422 423 428 429 435 442 446 448 461 490
174 175 191 194 199 221 224 232 234 236 243 245 257 262 278 280 294 301 315 319 330 366 391 406 409 411 415 418 436 449 454 459 491 494
175 184 186 189 191 201 203 212 219 221 222 227 230 231 235 241 242 256 274 289 294 322 330 331 332 334 337 351 353 355 359 388 390 393 402 403 410 438 444 450 452 455 460 466 471 497
176 184 197 229 230 233 270 288 291 299 300 314 317 334 335 340 362 366 368 375 397 399 405 413 419 420 443 445 449 452 457 461 462 465 468 472 478 481
177 182 184 187 198 213 218 234 244 248 259 268 277 299 303 309 318 326 338 344 354 360 363 368 370 373 383 385 400 403 406 407 415 417 436 462 482 484 487 488
178 183 192 233 249 259 264 275 283 290 294 312 314 328 338 372 380 397 413 422 448 471 473 477 478 485 486
179 181 188 206 207 212 216 226 229 245 268 274 276 284 285 293 301 317 334 335 343 374 378 385 391 396 397 416 431 435 439 476
180 188 206 208 211 231 242 247 250 257 279 284 289 291 293 295 308 311 328 332 357 359 369 372 374 376 387 417 420 431 435 437 438 441 452 464 478
181 190 202 210 213 223 238 241 258 259 260 290 294 340 353 355 400 408 409 422 448 458 493
182 184 200 202 208 211 214 224 254 269 272 278 280 286 321 353 376 390 400 417 430 439 441 450 452 455 468 475 476 478
183 187 194 196 207 222 231 242 247 269 280 286 323 330 349 378 381 408 423 442 476 479 499
184 191 219 232 234 246 251 255 260 261 267 272 280 288 297 300 333 351 352 357 360 361 364 374 379 402 403 421 423 425 430 435 446 458 469 499
185 202 222 232 241 249 251 290 333 339 346 349 353 379 393 407 421 429 432 447 458 467 478
186 188 202 205 213 216 252 269 270 274 288 291 294 307 309 316 325 326 329 356 366 367 374 375 382 383 389 394 421 423 427 450 451 453 463 469 470 472
187 198 206 207 223 241 251 258 262 266 270 289 291 292 299 307 310 324 334 350 368 370 386 396 407 414 421 439 440 468 475 490
188 209 223 252 262 280 281 298 300 302 304 309 323 329 343 365 371 376 382 410 412 413 421 424 433 441 465 484 491
189 208 210 229 230 244 259 273 303 312 314 322 328 336 346 349 361 364 369 391 412 414 453 460 470 480
190 192 217 235 242 251 259 272 274 282 293 294 296 302 305 317 338 342 343 358 369 370 385 395 399 403 410 413 418 435 446 456 477 491 493
191 213 240 243 258 289 290 298 308 321 326 335 347 351 355 386 391 393 405 411 431 450 459 464 465 472 478 482 491 499
192 212 243 266 270 276 291 331 343 354 394 431 432 439 444 456 473
193 205 208 231 291 304 313 325 337 358 383 386 388 407 415 446 456 464 467 471 476 484
194 207 208 211 220 221 229 231 239 244 250 259 270 288 304 318 320 351 366 373 374 376 393 404 405 414 422 430 439 444 447 463 481 489
195 211 213 234 248 275 286 292 293 301 303 305 308 321 324 331 344 355 361 364 369 388 401 406 429 452 455 460 465 494 497
196 199 201 204 214 252 256 260 266 274 278 281 285 288 296 307 327 330 336 337 340 345 366 371 395 412 439 460 468 470 485 497
197 208 209 211 241 255 257 266 283 286 312 314 323 336 350 362 373 385 387 412 448 452 463 468 471 473 483 485 486 496 497
198 209 211 249 254 287 292 302 310 317 319 326 343 352 359 388 394 395 415 422 425 458 468 478 480 496
199 200 210 225 229 230 241 247 277 288 297 298 299 300 302 324 334 338 339 342 347 362 364 378 379 380 385 393 401 413 422 426 439 441 449 464 488 495
200 214 225 226 229 259 260 263 274 275 278 307 315 316 340 346 351 364 390 398 437 444 447 453 457 463 481
201 216 224 226 260 283 335 337 339 367 381 391 401 405 406 429 435 452 463 466 471 489 493 499
202 245 258 260 261 269 289 290 321 322 328 342 352 354 356 359 368 393 424 436 452 462 475 485 486 498
203 208 224 258 268 271 277 301 314 321 346 370 374 395 403 406 411 416 421 425 433 445 452 463 469 478 482 492
204 245 251 255 260 273 283 285 292 312 316 318 335 346 349 350 367 377 378 380 387 388 392 398 416 441 442 456 462 467 468 472 473 476 494 497
205 209 212 236 248 249 250 262 279 301 308 313 320 330 333 352 366 370 378 392 407 410 413 427 436 457 461 462 470 494 495 497
206 212 215 227 228 229 232 241 252 258 268 275 306 350 378 392 394 402 437 439 456 458 460 474
207 229 237 265 281 284 288 299 316 324 334 344 349 352 360 361 368 394 397 414 421 440 468 469 473 477 479 488
208 222 225 229 234 271 272 273 284 288 302 309 315 338 363 372 381 383 386 403 412 424 436 469 483 493 495
209 214 220 224 225 234 241 244 246 247 256 260 261 268 277 279 282 288 290 320 324 369 378 417 429 432 440 444 472 496
210 251 261 282 294 302 315 333 371 400 403 415 420 423 424 444 449 471 475 483 487
211 215 219 221 228 235 242 264 265 267 272 280 308 340 346 368 396 399 403 407 426 429 436 447 450 456 467 471 473 478
212 213 236 239 249 254 265 267 289 290 300 329 335 345 359 362 370 382 408 409 417 430 450 452 465 468 474 479 485 496
213 221 223 224 234 250 254 294 297 298 303 315 323 325 356 362 371 374 376 379 387 415 425 430 432 435 459 463 466 469 473 475 498
214 219 252 255 256 274 282 287 288 294 301 303 310 321 374 384 388 390 391 393 399 437 443 449 450 454 468 477 480 497 498 499
215 216 223 248 252 257 269 272 274 290 291 302 313 319 324 344 353 356 363 397 402 438 451 453 464 467 493
216 226 246 263 264 281 283 292 315 331 350 352 364 371 372 373 382 383 389 398 401 402 427 430 444 453 457 458 471 474 480 482 492 494 495
217 220 227 252 253 270 276 284 330 356 359 360 365 378 381 396 401 404 407 424 430 445 467 472
218 238 243 248 266 273 295 305 310 312 321 324 339 357 358 372 379 404 464 471 474 475 479
219 231 277 284 296 305 308 329 355 401 408 411 421 433 447 448 451 453 458 474 484
220 231 232 235 238 242 267 271 274 276 316 332 370 386 390 409 419 426 435 441 443 450 457 461 464 469 475 478
221 225 226 228 233 236 258 263 269 282 286 289 290 294 298 316 331 332 367 379 390 392 400 417 423 434 451 454 479 494 495
222 226 243 248 252 264 287 294 301 313 336 358 360 367 369 391 392 397 419 420 426 457 460 491
223 227 235 279 286 288 293 301 309 311 319 334 350 351 359 376 383 394 407 428 436 450 461 463 471 484
224 228 239 242 248 254 261 272 289 293 304 305 309 311 313 321 323 348 353 366 373 379 391 399 402 445 451 468 482 495
225 248 253 258 273 293 305 311 335 336 338 341 343 360 363 379 421 432 436 439 447 448 471
226 240 251 252 259 277 294 295 297 306 310 311 314 321 325 329 333 338 354 377 408 411 427 433 447 449 450 466 474 482 491 493
227 248 254 269 274 285 286 291 292 293 329 356 376 385 389 391 397 402 403 405 423 434 445 449 462 499
228 238 242 259 278 294 301 305 315 320 337 343 346 360 363 396 414 415 428 445 453 458 478 482 491 497 499
229 243 249 254 269 279 281 282 289 290 294 297 301 302 304 325 340 344 349 353 357 361 371 372 390 394 426 435 441 447 448 472 493 497
230 235 248 252 264 268 274 294 297 304 324 341 354 358 365 369 381 382 385 386 399 401 424 429 440 457 459 464 492 496
231 262 263 267 270 281 299 316 321 324 325 340 369 374 379 380 383 384 397 415 430 438 440 443 471 480 483 488 492
232 246 253 254 257 265 267 276 278 281 297 320 336 351 356 370 385 389 400 412 419 465 486 491
233 234 236 249 252 267 289 296 299 305 313 316 327 330 334 337 341 343 350 352 370 374 383 400 401 407 417 439 441 445 447 454 455 456 458 469 474 479 484 494
234 266 267 269 273 281 299 308 312 341 350 352 353 367 386 387 394 405 419 427 433 435 440 452 454 456 470 471 478 486 490 495 497 498
235 240 242 244 249 257 290 328 330 333 346 356 358 361 366 372 378 390 405 432 435 438 439 453 461 468 484 495 499
236 244 269 272 277 279 293 301 326 329 336 347 352 361 372 379 382 403 406 415 441 451 455 462 464 475 482 492
237 245 251 258 296 297 301 302 305 310 325 369 382 389 398 401 413 419 423 424 429 432 446 450 456 457 459 468
238 239 251 259 272 290 313 321 323 331 336 339 340 341 349 358 361 367 371 399 413 418 421 440 443 471 472 480 481 494
239 242 243 256 289 303 304 311 314 318 326 342 351 371 374 420 437 440 444 456 473 478
240 245 258 280 296 306 318 322 337 345 355 360 371 376 379 388 400 413 419 431 439 444 454 465 475 479 484 499
241 247 248 254 261 273 279 305 307 312 323 328 346 348 351 371 382 388 402 406 411 412 444 468 469 470 477 479 488
242 258 279 286 287 290 298 318 332 335 354 386 392 396 401 408 412 416 417 422 433 449 458 462
243 250 252 258 269 276 279 300 307 352 368 371 385 388 391 410 416 418 424 438 439 443 450 460 461 479 480 482 490 499
244 251 278 305 323 329 336 359 369 379 385 393 418 437 442 445 447 453 458 465 474 486
245 257 275 276 277 283 285 297 313 316 320 330 351 353 354 357 426 439 445 456 462 470 487
246 255 259 261 285 294 327 332 350 363 365 366 372 386 389 395 396 408 418 421 424 425 439 454 460 467 470 478 487 495
247 255 273 300 304 324 326 331 340 342 348 361 378 385 388 425 439 441 453 470 485 489 499
248 256 272 276 299 315 330 343 345 346 352 353 354 367 372 375 384 385 391 397 404 434 438 445 469 478 479 491
249 252 263 275 284 295 301 319 320 343 358 386 394 397 405 417 426 435 437 454 456 463 471 488 495 496
250 255 282 285 290 308 311 332 335 341 346 351 353 371 392 395 396 405 413 452 455 462 465 485
251 285 290 292 301 304 311 317 326 343 357 366 367 368 374 378 390 396 400 402 405 411 424 426 431 437 459 469 470 471 494 498
252 267 278 285 291 299 304 308 312 314 323 334 337 340 347 348 349 380 381 386 388 402 443 458 461 480 485 487 490 493
253 256 259 285 289 315 336 365 369 381 393 404 415 418 419 422 430 431 445 452 458 461 462 479 486 487 495
254 264 276 328 330 343 358 374 392 423 425 433 447 448 450 465 473 474 492 494
255 261 271 296 306 315 318 326 333 349 355 370 372 411 419 441 444 468 494
256 266 271 294 299 307 317 330 347 361 366 370 374 405 417 429 438 440 443 447 455 463 465 473 474
257 270 278 332 340 364 368 369 373 379 396 411 423 445 449 465 474 483 485 489 493
258 269 278 286 287 291 296 302 305 315 331 342 350 353 371 382 392 400 407 418 423 428 429 435 451 465 469 472
259 262 276 277 279 295 312 319 336 345 354 357 370 385 402 408 410 435 447 450 452 473 485 491
260 265 272 281 295 300 324 338 343 352 356 362 375 387 392 397 403 426 427 448 462 468 470 476 483 492
261 264 267 291 297 298 316 335 337 344 349 387 393 406 413 422 424 439 452 458 462 468 472 487 490
262 272 278 286 302 314 324 345 348 356 376 391 393 401 406 407 412 447 457 480
263 296 305 319 322 330 346 374 378 401 413 443 489 497
264 266 284 302 306 315 326 327 339 354 365 396 400 405 411 416 444 445 450 451 456 466 472 482 495
265 282 293 303 339 361 362 372 375 385 393 397 400 404 413 427 433 434 440 452 466 473
266 281 292 299 310 320 348 373 416 424 434 440 445 474 489 496
267 273 278 312 314 339 343 349 369 376 381 406 417 419 426 429 439 444 452 456 460 472 477 479 487
268 279 283 284 290 311 313 321 326 336 339 340 344 349 350 354 365 370 385 395 397 404 424 443 465 483 493 495 498
269 287 293 294 310 325 343 358 359 362 365 375 376 377 379 384 398 405 424 447 468 475 480 487
270 277 280 303 319 328 376 394 411 415 438 455 462 463 479 483 484 492 494 497
271 274 284 285 292 299 314 315 325 357 361 364 366 383 389 393 397 407 415 424 433 439 453
272 282 287 299 311 316 322 351 357 359 363 376 379 395 398 400 412 417 418 423 436 441 443 447 452 471 484 495
273 281 282 284 285 289 298 301 315 340 341 353 410 422 429 431 437 439 445 464 468 492
274 278 291 294 297 298 306 320 334 345 365 375 379 386 394 435 445 469 470 480 488
275 288 291 325 334 339 344 358 359 372 408 416 418 438 456 474 476 477 496 497
276 283 288 296 300 308 322 323 325 342 351 354 383 389 391 396 397 403 418 421 430 436 439 440 441 446 461 463 478
277 282 293 298 300 310 315 350 357 369 379 380 386 388 389 391 393 394 400 407 408 419 420 427 439 451 457 464 468 485 489
278 297 300 304 317 323 324 329 339 350 357 383 389 395 397 425 437 453 455 458 468 476 498
279 284 290 298 307 310 318 321 342 359 370 378 383 385 422 433 435 449 464 470 479 485
280 286 310 315 321 331 333 348 354 362 367 379 381 385 395 401 415 419 420 422 438 442 478 482
281 282 289 297 319 331 333 362 386 390 402 403 410 419 439 478 479
282 287 299 311 330 333 334 339 366 372 388 402 408 413 426 429 433 434 438 482 496
283 284 290 295 296 302 330 357 360 386 388 390 391 398 409 414 432 433 437 438 450 453 465 474 489 497
284 296 303 307 311 330 340 346 349 364 370 375 381 407 429 434 437 443 444 483 487 488
285 286 299 302 308 310 313 319 320 332 348 349 350 355 378 383 402 410 412 427 429 443 462 477 482
286 289 319 333 345 355 365 366 393 408 409 410 414 416 420 463 471 472 498
287 305 311 319 333 343 385 387 388 393 416 421 422 433 435 440 454 494 498
288 301 312 322 327 331 334 337 350 363 364 367 373 377 379 384 388 412 413 425 438 442 444 493
289 296 313 329 330 335 346 358 367 369 396 399 405 423 424 426 430 431 476 492 495
290 292 295 298 309 320 347 389 394 400 420 433 447 451 452 461 466 481 484
291 298 326 340 373 375 378 393 397 404 409 434 436 445 466 469 492 498
292 300 340 348 368 378 388 392 409 426 431 436 453 456 464 477 480 498
293 315 319 320 332 333 349 352 370 378 383 391 402 409 411 412 424 427 449 452 454 469 472 477 483 485
294 300 313 321 331 339 344 351 358 364 374 382 392 394 416 422 423 427 431 436 451 472 493 495
295 299 318 337 352 358 371 372 378 383 387 400 405 427 435 453 457 461 476 479 482 492
296 311 327 336 339 355 361 363 364 382 388 392 395 397 402 404 431 434 435 447 455 460 466 472 476 495
297 302 325 329 331 332 337 349 352 354 363 370 371 383 387 388 408 413 417 421 431 443 451 457 459 468 488 493
298 306 309 314 320 321 322 339 345 346 370 397 400 401 406 422 443 448 449 469 475 479 483 489 493
299 303 304 306 309 346 347 355 356 373 386 388 409 427 438 439 467 468 472 496 499
300 303 306 318 330 332 348 353 354 365 372 380 381 390 406 413 418 422 426 429 432 438 446 447 461 473 479 482
301 307 321 324 329 331 338 339 346 347 349 350 365 386 407 410 416 437 450 455 462 463 476 481 494
302 312 325 326 338 352 354 355 361 363 374 394 406 425 427 428 439 450 451 477 481 491 498
303 305 311 315 319 320 327 335 336 339 370 377 383 387 395 417 432 437 443 445 451 460 473
304 314 328 329 371 372 389 408 418 446 454 458 489 493
305 338 349 365 369 373 374 409 412 421 436 444 447 448 450 455 467
306 310 321 340 348 351 373 375 409 414 417 421 452 455 459 467 472 488 489 498
307 321 329 342 343 345 349 366 367 372 385 412 419 424 428 447 454 460 480 484 488 489 492 495
308 322 327 335 336 341 343 344 346 352 382 385 420 447 460 461 466 471 475 489 493 497 499
309 311 314 327 329 330 346 347 352 362 396 404 408 446 454 482 494 498
310 312 323 374 377 382 383 390 394 401 404 407 416 427 431 452 466 467 479 483 484 486
311 321 337 338 345 358 365 373 377 382 386 389 401 412 431 434 439 444 447 452 454 459 462 466 468 472 479 496
312 325 328 330 344 359 364 365 374 377 384 385 390 395 401 405 417 426 436 445 460 461 467 468 472 479 492
313 315 347 353 354 355 363 367 375 383 384 392 407 410 414 416 426 443 445 456 474
314 332 335 340 342 359 369 383 392 394 395 410 421 429 431 434 436 444 445 458 459 463 479
315 316 342 349 359 370 371 376 389 398 415 421 422 454 464 470 484 497
316 325 327 379 403 437 456 465 488 489 497
317 339 345 349 362 365 376 385 386 388 390 392 402 409 418 461 480 488 494
318 320 323 326 333 340 357 363 368 376 381 413 415 440 459 460 466 475 477 482 487 489 492 494
319 325 334 339 344 373 390 402 409 415 445 484 492
320 325 335 360 362 363 374 381 399 400 409 417 422 438 445 449 452 461
321 342 357 362 368 376 380 383 414 415 418 426 430 451 454 456 460 468 481 483 486 487 491
322 339 347 351 370 375 411 428 445 458 468 474 479 497
323 329 341 361 372 373 378 383 388 399 463 479 482 487 488 493 497 498
324 337 340 353 363 374 383 385 387 392 393 409 419 426 431 449 462 465
325 344 354 363 383 393 423 425 426 431 436 437 439 442 450 461 484 494
326 331 341 344 354 379 382 397 398 402 405 425 428 429 440 457 460 462 467 475 486
327 333 334 342 346 357 368 373 384 390 398 403 417 420 424 426 436 456 467 472 477 481 490 492
328 335 340 351 354 362 373 397 402 416 418 421 430 442 448 456 463 474 478 494 496 497
329 346 363 364 373 377 382 442 443 468 473 478 485 498
330 345 346 360 363 364 373 385 392 396 403 409 413 416 437 438 456 459 472 483 484 497
331 335 339 340 345 352 358 376 377 390 402 405 415 441 452 461 494 495 496
332 337 341 344 351 380 383 390 391 396 398 399 402 409 426 431 435 436 441 445 449 462 469
333 338 350 356 357 359 365 420 422 427 447 459 473 474 488 494 497
334 351 352 354 374 412 414 427 428 437 466 482 488
335 341 350 357 360 394 424 455
336 340 353 358 375 390 394 404 413 414 423 427 436 445 452 463 469 489
337 341 345 407 416 419 421 429 434 437 441 444 445 449 450 453 457 477 499
338 342 363 396 412 413 419 421 434 440 441 449 457 473 493 497
339 346 353 360 363 377 388 396 400 401 407 422 425 451 457 466 470 481
340 348 353 368 370 375 383 386 398 422 425 439 444 446 448 449 455 464 488 496
341 367 370 373 384 388 395 407 412 414 417 422 423 436 439 444 446 451 456 460 466
342 347 353 372 374 377 396 410 415 418 429 436 441 447 450 461 467 484 499
343 360 363 376 384 386 393 398 401 404 406 413 425 427 436 441 442 449 453 475 490 498
344 345 354 356 362 391 402 403 416 454 458 463 479 485 488 497
345 346 360 361 385 389 398 404 409 424 431 440 445 449 469 470 478 482 484 494
346 356 381 391 396 417 427 436 451 454 466 473 481 498
347 367 392 406 407 413 434 488
348 362 363 365 371 373 374 397 399 415 421 423 424 426 432 434 442 444 449 456 472 494 497
349 350 377 379 401 409 422 424 427 440 442 461 471 487 495
350 356 372 390 407 411 420 421 422 427 435 443 449 455 463 478
351 358 372 382 403 417 419 427 428 434 437 438 441 462 473 494 495 498
352 356 358 363 364 369 387 389 400 407 412 430 434 435 438 442 446 447 452 455 462 470 471 476 484 498
353 370 371 375 379 397 400 416 420 430 441 443 457 463 482 484 489 495 498
354 355 361 378 383 385 395 400 406 408 412 416 422 456 463 479 488 496 499
355 358 359 370 371 389 391 405 428 434 444 463 471 479 498
356 360 363 381 384 389 397 401 416 445 447 478 483 492 499
357 368 369 394 416 442 445 448 451 455 456 458 485 489 493
358 362 374 390 409 426 427 429 436 442 448 458 468 482 487
359 366 382 390 391 393 411 448 461 472 484
360 367 371 372 382 383 393 395 396 413 417 418 425 461 466 468 469 470 479 497
361 367 371 381 389 401 406 430 432 434 436 455 462 465 474 495
362 363 366 373 374 376 392 401 404 421 426 447 452 460 461 465 475 483
363 369 374 376 386 397 403 404 412 413 443 445 473
364 374 390 394 396 414 415 422 428 430 431 441 446 449 469 480 482 492 494 498
365 366 383 393 429 435 445 462 476 480 482 488
366 368 393 397 404 406 416 425 431 436 438 442 456 468 473 475 476 483 485 486 488 498
367 368 372 375 376 378 391 394 395 398 402 429 432 444 456 457 465
368 394 403 407 409 412 415 436 456 475 485
369 372 374 392 394 399 401 407 416 417 433 437 441 454 471 476 481 491
370 374 378 393 405 409 418 421 438 440 446 448 459 466 473 477 478 497
371 380 381 383 407 408 409 422 446 460 461 464 466 473 476 484 497
372 407 418 420 424 434 453 467 498
373 386 388 397 407 408 439 442 457 470 474 490
374 382 388 389 394 404 407 423 436 453 468 478 484 490 492 499
375 381 385 392 419 428 437 439 476 477 488
376 385 391 395 397 407 424 427 430 431 432 437 438 440 448 458 470 477
377 378 385 443 450 456 480 482 484 485 487
378 381 383 388 389 408 412 427 428 429 438 443 450 453 465 467 487
379 397 404 412 424 427 435 457 482
380 397 410 413 417 422 426 427 434 457 462 476 484 490 492 495 496 499
381 411 418 419 424 427 428 444 447 454 458 482 489
382 384 404 412 414 423 428 435 443 449 457 460 471 476 480 493
383 384 388 413 419 425 441 451 491 493
384 387 395 403 406 417 424 426 468 471 474 480 493
385 398 420 430 435 444 450 469 471 477 478 483 485 491
386 392 399 406 410 430 443 459 489
387 388 391 398 403 409 428 433 440 446 462 464 469 473 483 486 489 494
388 406 426 429 434 435 459 461 466 472 498 499
389 390 403 409 438 454 476 494
390 400 404 406 408 418 456 468 469 489 492
391 393 422 427 443 462 463 469 482 484 490 493
392 398 410 411 418 429 441 443 480 488
393 403 420 424 426 427 436 442 447 454 464 470 493
394 402 410 416 418 453 455 473 474
395 399 401 409 413 415 423 428 436 448 450 463 464 466 472 485
396 402 413 419 430 437 442 446 449 456 463 471 474 480 484
397 420 427 451 468 470 485 497
398 413 422 429 435 439 452 473 475 482 488 494
399 400 401 423 428 429 434 436 446 450 456
400 409 417 428 434 435 447 451 456 461 465 469 490 496 499
401 405 417 419 453 458 463 465 478 484 489
402 410 428 430 440 464 465 487
403 408 410 419 428 444 455 468 490
404 410 431 447 457 465 467 475 478 492
405 414 417 426 433 442 448 477 484 494
406 418 436 438
407 408 429 440 453 458 471 477 481 487 492
408 416 425 438 482 494
409 420 421 425 434 437 440 443 445 454 458 460 469 482 496
410 411 422 427 437 447 461 468 475 477 494
411 435 442 452 458 470 471 473 479 485 488 489 499
412 415 433 435 441 450 475 487 495 498
413 421 425 429 436 441 447 458 460 466 475 480 484 495
414 416 422 445 446 458 480 481 490 491
415 416 434 452 471 472 481
416 417 424 441 443 466 469 477 491 496
417 445 451 478 485
418 425 435 458 461 467 478 482 493 497
419 420 427 449 452 462 471 477
420 422 424 461 465 469 472 480 496
421 433 438 461 462 468 488 491 495 497
422 430 445 462 476 478 479 495 498
423 426 435 436 458 463 473 487 492 494 498
424 464 468 477 480
425 434 441 448 449 470 479 485 488
426 427 438 441 471 476 479 480 490
427 435 439 445 452 473 482 493
428 434 493
429 441 445 447 448 450 466 484
430 431 438 445 447 470 497
431 440 458 461 463 465 471 474 479
432 438 439 444 465 476 485
433 446 457 459 460 474 482 488
434 470 473 478 485 486
435 444 446 454 458 484
436 439 441 469 472 479 482
437 441 454 471 485 488 493 498
438 445 457 458 470 474 491
439 468 481 487 491 494
440 441 442 443 453 459 463 482 495 498
441 448 454 465 468 478 499
442 443 445 446 447 455 474 478 484 497 498
443 453 458 460 485
444 460 478 484 490 496
445 447 468 469 482 487 496
446 448 451 466 469 474 475
447 488 496
448 463 472
449 451 452 453 464 470 473 476 490 491
450 454 461 470 480 490 495 496
451 453 455 473 495
452 468 474 481
453 456 457 463 470 481 482 489 490
454 461 462 464 475 484
455 459 465 478 498
456 470 480 487
457 463 466 471 479 494 497 498
458 478 484 487 497 499
459 466 479 490 496
460 480 490 497
461 465 469 470 472 478 489
462 476 481
463 465 493
464 466 468 471 482 484
465 486 491 499
466 489 491
467 484
468 480
469 482 492 494 496 499
470 471 477 478 490
471 474 479 480 483 489 491 492
472 475 487 495
473 488
474 476 496 497 498
475
476 484 488 489 495
477 488
478 481 482 497
479 484 486 493 498
480 481 490 495
481 484 489
482 488 497
483 492
484 497
485 487
486 488 490
487 499
488 494
489
490
491
492 494
493 498
494 495
495 496 498
496 498
497
498
499
