#
# GMT Fri Dec 15 20:46:10 2023
# 
0 2 32 33 36 44 63 72 91 97 99 101 108 111 112 116 124 127 146 147 150 156 162 170 181 188 197 202 216 217 220 224 243 249
1 5 16 23 28 29 45 82 102 110 114 134 148 165 173 175 198 228 230
2 32 33 51 63 72 81 91 93 97 98 111 112 118 128 131 146 147 150 156 159 162 170 192 196 197 202 215 217 218 220 224 243 249
3 4 7 12 13 27 38 43 47 50 66 69 71 94 100 108 123 133 137 138 149 179 193 232 234 239 241 246 247 248
4 7 12 13 27 32 33 36 43 44 66 69 71 72 94 99 100 101 104 108 116 123 124 127 133 136 149 151 170 178 179 181 185 188 190 193 202 216 232 234 241 246 248
5 21 23 28 29 45 60 82 102 106 110 114 134 140 144 148 155 165 171 173 175 176 198 228 230 235
6 14 17 22 35 40 42 57 58 59 60 61 62 70 75 78 83 86 89 90 95 102 103 106 113 115 117 119 120 122 125 126 129 134 140 144 152 155 167 169 171 174 176 182 186 199 200 208 209 214 219 223 228 235 240 242 244
7 12 13 15 27 36 38 43 47 48 50 66 69 71 80 88 94 100 104 108 123 133 136 137 138 149 151 163 178 179 185 232 233 234 237 239 241 246 247 248
8 19 25 26 37 48 49 53 64 67 77 79 80 84 96 109 145 153 163 184 187 189 201 204 206 212 222 229 233 238
9 18 21 22 25 26 30 53 54 55 60 70 77 84 85 90 120 122 125 140 144 155 171 199 212 221
10 27 43 44 66 69 99 101 108 116 124 193 194
11 13 14 15 17 20 31 33 41 59 62 63 68 75 81 86 87 88 89 92 100 104 107 113 117 119 128 129 130 136 143 147 151 157 158 160 174 178 182 185 190 200 203 208 209 223 236 237 240 242 246
12 13 27 38 43 47 48 50 66 69 71 88 94 123 133 137 138 149 163 179 185 232 233 234 239 241 246 247 248
13 15 20 27 31 36 38 47 50 62 69 71 80 87 88 94 100 104 108 123 130 133 136 137 138 143 149 151 160 163 170 178 179 185 190 201 203 209 232 233 234 237 242 246 247 248
14 17 35 39 40 41 42 46 57 59 62 63 68 75 81 83 86 89 92 95 107 113 117 119 126 128 129 141 147 152 157 160 166 167 168 169 174 182 186 200 203 208 209 210 211 213 214 224 227 236 244
15 17 20 31 38 62 80 87 88 100 104 105 107 113 129 130 136 143 151 157 158 160 163 174 178 179 182 185 190 200 201 203 204 208 209 223 232 233 234 237 240 242 246
16 23 28 29 35 45 52 58 61 78 82 83 95 102 106 110 115 134 135 139 148 152 154 164 165 173 175 176 177 180 191 198 219 225 227 228 230 235
17 20 31 41 42 59 62 68 75 83 86 87 89 90 103 104 105 107 113 115 117 119 126 129 130 143 151 157 158 160 167 169 174 182 185 186 190 200 203 208 209 223 236 237 240 242 244
18 21 22 25 26 30 54 55 60 70 84 85 90 120 122 125 140 144 155 171 199 221
19 25 26 30 37 53 77 84 96 109 145 184 187 189 206 212 222 229 238
20 31 62 80 87 88 89 100 103 104 105 107 113 119 129 130 136 143 151 157 158 160 163 174 178 179 182 185 190 200 201 203 204 208 209 223 232 233 234 237 240 242 246
21 22 30 54 55 60 70 85 90 103 114 120 122 125 140 144 155 171 173 175 176 199 221 228 230 235
22 30 42 54 55 60 70 84 85 89 90 103 106 114 115 119 120 122 125 140 144 155 171 173 175 176 199 208 221 223 228 235 240
23 28 29 45 52 58 61 82 102 106 110 114 134 135 139 148 154 164 165 173 175 177 191 198 219 225 228 230 235
24 34 46 56 65 73 74 76 93 121 132 142 161 166 168 172 183 195 205 207 211 226 231 245
25 26 30 31 37 53 54 55 70 77 79 84 85 90 96 105 120 122 125 143 145 158 184 199 201 204 206 212 221 222 223 229 238
26 30 37 53 54 55 70 77 84 85 96 145 184 189 199 204 206 212 221 222 229 238
27 36 43 44 66 69 71 72 94 99 100 101 108 116 123 124 127 133 136 149 170 178 181 188 193 194 202 216 232 234 241 248
28 29 45 52 58 61 82 102 106 110 114 134 135 139 148 154 164 165 173 175 177 191 198 219 225 228 230 235
29 42 45 52 58 61 82 95 102 106 110 114 115 134 135 139 140 144 148 152 154 155 164 165 171 173 175 176 177 191 198 219 225 228 230 235
30 37 53 54 55 60 70 77 84 85 90 96 120 122 125 155 184 199 204 206 212 221 229 238
31 38 55 62 64 70 79 80 84 87 88 90 103 105 113 119 120 125 130 143 145 151 158 163 174 182 199 200 201 204 206 208 209 221 223 229 233 237 238 240 242 246
32 33 36 41 44 63 68 72 81 91 92 97 100 101 107 108 111 112 118 127 128 136 146 147 150 151 156 157 160 162 170 178 181 188 190 196 197 202 203 216 217 218 220 224 243 249
33 36 41 44 63 68 72 81 91 92 97 100 101 104 107 108 112 118 127 128 136 147 150 151 156 157 160 162 170 178 181 185 188 190 197 202 203 216 217 218 220 224 243 249
34 46 51 56 65 73 76 93 98 118 121 131 132 142 159 161 166 168 172 192 195 196 205 207 211 213 215 218 226 231 245
35 39 40 42 52 57 58 59 61 65 74 75 78 83 86 89 95 102 106 115 117 119 126 129 134 135 139 141 152 154 164 166 167 168 169 174 176 177 180 183 186 191 195 210 213 214 219 225 227 235 236 244
36 43 44 66 69 71 72 91 94 99 100 101 104 108 116 123 124 127 136 147 150 151 156 160 170 178 181 185 188 190 193 202 203 216 217 220 248
37 49 53 54 55 64 77 79 84 85 96 109 145 153 184 187 189 201 204 206 212 221 222 229 238
38 47 48 49 50 64 67 79 80 88 94 105 123 133 137 138 145 149 153 163 179 201 229 232 233 234 237 239 246 247
39 40 41 42 46 52 56 57 58 59 61 65 68 74 75 78 83 86 92 95 117 126 129 132 135 141 152 166 167 168 169 177 180 183 186 191 195 210 211 213 214 219 227 236 244 245
40 41 42 46 52 56 57 58 59 61 65 74 75 78 83 86 89 92 95 106 115 117 126 129 132 135 139 141 152 154 164 166 167 168 169 177 180 183 186 191 195 210 213 214 219 225 227 236 244
41 46 57 59 62 63 68 75 81 86 92 93 107 117 118 126 128 129 132 141 147 156 157 160 166 167 168 169 174 182 190 203 210 211 213 214 217 218 220 224 231 236 244 245
42 45 52 57 58 59 60 61 75 78 83 86 89 90 95 102 103 106 113 115 117 119 126 129 134 135 139 140 144 152 155 164 167 169 171 173 174 175 176 182 186 200 208 210 214 219 223 225 227 228 235 244
43 44 66 69 71 72 94 99 100 101 108 116 123 124 127 133 149 170 178 181 188 193 194 202 216 232 234 241 248
44 66 69 71 72 91 99 100 101 108 116 124 127 136 150 170 178 181 188 193 202 216
45 52 58 61 82 95 102 106 110 114 115 134 135 139 140 144 148 152 154 155 164 165 171 173 175 176 177 191 198 219 225 228 230 235
46 51 56 57 59 65 68 73 74 76 81 92 93 118 126 128 131 132 141 142 159 161 166 167 168 169 172 192 195 196 210 211 213 214 218 224 226 231 236 244 245
47 48 49 50 64 67 79 80 88 94 123 133 137 138 149 153 163 179 201 232 233 234 239 241 247
48 49 50 64 67 79 80 88 123 133 137 138 145 153 163 179 187 201 222 232 233 234 239 247
49 50 64 67 79 80 96 109 137 138 145 153 163 187 189 201 206 222 229 233 238
50 64 67 79 80 88 94 123 133 137 138 149 163 179 201 232 233 234 239 241 246 247 248
51 63 76 81 91 93 97 98 111 112 118 131 142 146 150 156 159 161 162 172 192 196 197 205 207 211 215 217 218 220 224 226 231 243 245 249
52 57 58 61 74 78 83 95 102 106 115 134 135 139 148 152 154 164 165 173 177 180 183 191 198 214 219 225 227 228 235
53 54 55 70 77 84 85 96 109 145 184 189 199 204 206 212 221 222 229 238
54 55 60 70 77 84 85 90 103 120 122 125 144 155 184 199 204 206 212 221 223 229 238
55 60 70 77 84 85 90 103 105 119 120 122 125 130 143 144 145 155 158 184 199 201 204 206 208 209 212 221 223 229 238 240 242
56 57 65 73 74 76 92 93 118 121 126 132 141 142 161 166 167 168 172 180 183 195 210 211 213 214 218 226 227 231 236 244 245
57 58 59 61 65 74 75 78 83 86 92 95 106 115 117 126 129 132 135 139 141 152 164 166 167 168 169 177 180 183 186 191 195 210 211 213 214 219 227 236 244
58 59 61 74 75 78 83 86 95 102 106 115 126 134 135 139 148 152 154 164 165 166 167 168 169 173 175 176 177 180 183 186 191 195 198 210 214 219 225 227 228 235 244
59 61 62 65 68 74 75 78 81 83 86 89 92 95 107 113 115 117 119 126 128 129 132 141 152 157 166 167 168 169 174 180 182 186 195 200 208 210 211 213 214 219 227 236 244
60 70 85 89 90 102 103 106 114 115 119 120 122 125 134 140 144 155 171 173 175 176 186 199 208 219 221 223 228 235 240
61 75 78 83 86 89 95 102 106 114 115 126 134 135 139 140 144 148 152 154 164 165 167 169 171 173 175 176 177 180 186 191 198 214 219 225 227 228 230 235 244
62 63 68 75 81 86 87 88 89 92 100 104 107 113 117 119 128 129 130 136 141 143 147 151 157 160 169 174 178 182 185 190 200 203 208 209 213 223 236 237 240 242 246
63 68 72 81 91 92 93 97 100 107 111 112 118 127 128 129 136 141 146 147 150 151 156 157 159 160 162 170 178 190 192 196 197 202 203 211 213 215 216 217 218 220 224 236 243 245 249
64 67 79 80 84 88 105 109 137 138 143 145 153 158 163 179 187 189 201 204 206 222 229 232 233 234 238 239
65 74 76 78 83 126 132 141 142 166 167 168 169 172 180 183 195 210 211 213 214 227 231 236 244 245
66 69 71 94 101 108 116 123 124 133 149 193 194 241 248
67 79 80 109 137 138 145 153 163 187 189 222 233 239
68 81 86 92 93 97 107 117 118 126 128 129 132 141 147 156 157 160 166 167 168 169 174 190 196 203 210 211 213 214 217 218 220 224 231 236 244 245
69 71 72 94 100 101 104 108 116 123 124 127 133 136 149 170 178 179 181 185 193 216 232 234 239 241 246 247 248
70 77 84 85 89 90 103 105 113 119 120 122 125 130 143 144 145 155 158 182 199 200 201 204 206 208 209 212 221 223 229 238 240 242
71 72 94 100 101 104 108 116 123 124 127 133 136 149 151 170 178 179 181 185 190 193 202 216 232 234 241 246 247 248
72 81 91 97 99 100 101 104 108 112 116 124 127 128 136 147 150 151 156 160 162 170 178 181 185 188 190 193 202 203 216 217 220 224 249
73 76 93 98 121 131 132 142 161 172 205 207 226 231 245
74 78 83 95 126 132 135 139 152 154 166 167 168 169 177 180 183 191 195 210 213 214 227 244
75 78 83 86 89 92 95 103 106 107 113 115 117 119 126 129 134 141 152 157 164 166 167 168 169 174 176 182 186 200 208 209 210 213 214 219 223 227 235 236 244
76 93 98 111 118 121 131 132 141 142 159 161 172 192 196 197 205 207 211 213 215 218 224 226 231 243 245
77 79 84 85 96 105 109 120 145 184 189 199 201 204 206 212 221 222 229 238
78 83 86 95 102 106 115 117 126 134 135 139 152 154 164 166 167 168 169 176 177 180 183 186 191 195 210 214 219 225 227 235 244
79 80 84 96 105 109 137 138 145 153 163 184 187 189 201 204 206 212 222 229 233 238
80 84 87 88 105 130 137 138 143 145 153 158 163 179 201 204 206 209 222 229 232 233 234 237 238 240 242 246
81 91 92 93 97 107 117 118 128 129 136 141 147 150 151 156 157 159 160 169 170 174 178 190 192 196 197 203 211 213 217 218 220 224 236 243 245
82 102 106 110 114 134 139 140 148 164 165 171 173 175 198 225 228 230 235
83 86 89 95 102 106 115 117 119 126 129 134 135 139 141 152 154 164 166 167 168 169 174 176 177 180 183 186 191 195 208 210 213 214 219 225 227 235 236 244
84 85 90 96 105 120 122 125 143 145 158 184 199 201 204 206 212 221 222 223 229 233 238 240
85 90 103 120 122 125 145 155 184 199 204 206 212 221 223 229 238
86 89 92 95 103 106 107 113 115 117 119 126 129 134 141 152 157 164 166 167 168 169 174 176 182 186 200 208 209 210 213 214 219 223 227 235 236 244
87 88 89 100 103 104 105 107 113 119 129 130 136 143 151 157 158 160 163 174 178 179 182 185 190 200 201 203 208 209 223 233 237 240 242 246
88 100 104 105 113 123 130 133 136 137 138 143 151 158 160 163 178 179 182 185 190 200 201 204 209 229 232 233 234 237 240 242 246
89 90 95 103 106 107 113 115 117 119 120 122 125 126 129 130 134 140 143 144 152 155 157 158 167 169 174 176 182 186 199 200 208 209 214 219 223 235 240 242 244
90 103 105 106 113 115 119 120 122 125 140 143 144 155 158 171 176 182 186 199 200 204 208 209 221 223 235 240 242
91 97 99 101 108 111 112 116 124 127 128 146 147 150 156 162 170 178 181 188 196 197 202 203 215 216 217 220 224 243 249
92 93 97 107 117 118 126 128 129 132 141 142 147 156 157 160 166 167 168 169 174 190 196 203 210 211 213 214 217 218 220 224 231 236 244 245
93 97 98 111 118 128 131 132 141 142 146 147 156 159 161 162 166 168 172 192 196 197 205 211 213 215 217 218 220 224 226 231 236 243 245 249
94 100 104 108 123 133 137 138 149 179 185 193 232 234 239 241 246 247 248
95 102 106 115 117 119 126 134 135 139 140 144 152 154 164 165 166 167 168 169 173 175 176 177 180 186 191 198 210 214 219 225 227 228 235 244
96 109 145 153 184 187 189 204 206 212 221 222 229 238
97 98 111 112 118 128 131 146 147 150 156 159 162 170 192 196 197 202 203 211 215 217 218 220 224 243 245 249
98 111 112 118 121 131 142 146 156 159 161 162 172 192 196 197 205 207 215 218 224 226 231 243 245 249
99 101 108 112 116 124 127 150 162 170 181 188 193 202 216
100 104 107 108 116 123 127 128 130 136 147 151 157 160 170 178 179 181 185 190 202 203 216 217 220 232 234 237 246 248
101 108 112 116 124 127 150 170 178 181 188 193 202 216
102 106 110 114 115 134 135 139 140 144 148 152 154 155 164 165 171 173 175 176 177 186 191 198 219 225 228 230 235
103 105 106 113 115 119 120 122 125 130 140 143 144 155 158 171 174 176 182 186 199 200 204 208 209 219 221 223 235 240 242
104 107 108 113 123 128 130 136 143 147 151 157 160 163 170 174 178 179 182 185 190 200 203 209 216 232 233 234 237 242 246 248
105 113 119 120 130 143 145 158 163 182 199 200 201 204 206 208 209 221 222 223 229 233 237 238 240 242 246
106 114 115 119 126 134 135 139 140 144 148 152 154 155 164 165 169 171 173 175 176 177 186 191 198 208 214 219 225 227 228 230 235
107 113 117 126 128 129 130 136 141 147 151 157 160 167 169 174 178 182 185 190 200 203 208 209 210 211 213 217 220 224 236 237 242 244 246
108 116 123 124 127 136 150 170 178 181 185 188 190 193 202 216 220 248
109 145 153 184 187 189 206 212 222 229 238
110 114 148 165 173 175 198 225 228 230
111 112 118 131 146 150 156 159 161 162 172 192 196 197 205 215 217 218 220 224 226 231 243 245 249
112 118 127 146 150 156 159 162 170 181 188 192 196 197 202 215 216 217 218 220 224 243 249
113 115 117 119 129 130 143 151 157 158 160 169 174 182 185 186 199 200 208 209 223 236 237 240 242 246
114 115 122 134 140 144 148 155 164 165 171 173 175 176 198 219 228 230 235
115 117 119 120 122 125 126 134 135 139 140 144 152 155 164 167 169 171 173 174 175 176 182 186 200 208 214 219 223 225 227 228 235 244
116 124 127 150 170 178 181 188 193 194 202 216 248
117 119 126 128 129 141 152 157 160 166 167 168 169 174 182 186 200 203 208 209 210 211 213 214 219 227 236 242 244
118 128 131 132 141 142 146 147 150 156 159 161 162 172 192 196 197 203 211 213 215 217 218 220 224 226 231 236 243 245 249
119 120 122 125 129 130 140 143 144 152 155 158 169 174 176 182 186 199 200 208 209 219 223 235 240 242
120 122 125 140 143 144 155 158 171 176 199 204 208 221 223 235 240
121 131 142 159 161 172 192 196 205 207 226 231 245
122 125 140 144 155 158 171 175 176 199 208 221 223 235 240
123 133 136 137 138 149 151 163 178 179 185 232 233 234 237 239 241 246 247 248
124 127 150 170 181 188 193 194 202 216
125 140 143 144 155 158 171 176 199 204 208 221 223 235 240
126 129 132 135 141 152 166 167 168 169 174 177 180 183 186 195 210 211 213 214 219 227 236 244
127 136 147 150 156 160 162 170 178 181 185 188 190 193 202 203 216 217 220
128 129 136 141 147 150 151 156 157 160 170 174 178 185 190 196 197 202 203 211 213 217 218 220 224 236 245
129 130 141 147 151 152 157 160 167 168 169 174 182 186 190 200 203 208 209 210 211 213 214 236 240 242 244
130 136 143 151 157 158 160 163 174 179 182 185 190 200 201 204 208 209 223 229 233 237 240 242 246
131 142 146 156 159 161 162 172 192 196 197 205 207 211 215 218 224 226 231 243 245 249
132 141 142 161 166 167 168 169 172 180 183 195 210 211 213 214 218 227 231 236 244 245
133 137 138 149 163 179 232 234 239 241 246 247 248
134 135 139 140 144 148 152 154 155 164 165 171 173 175 176 177 186 191 198 219 225 228 230 235
135 139 148 152 154 164 165 177 180 183 186 191 198 214 219 225 227 228
136 147 150 151 156 157 160 170 178 179 181 185 190 202 203 216 217 220 224 237 246
137 138 149 163 179 232 233 234 239 241 247 248
138 149 153 163 179 201 232 233 234 239 241 247
139 148 152 154 164 165 173 175 176 177 180 186 191 198 214 219 225 227 228 230 235
140 144 148 155 164 171 173 175 176 186 198 199 208 219 223 228 230 235
141 142 147 157 160 166 167 168 169 172 174 195 203 210 211 213 214 217 218 220 224 231 236 244 245
142 159 161 166 168 172 192 195 196 205 207 211 213 215 218 226 231 245
143 145 151 158 163 174 182 199 200 201 204 206 208 209 221 223 229 233 237 238 240 242 246
144 155 164 171 173 175 176 186 199 208 219 223 228 230 235
145 153 158 163 184 187 189 201 204 206 212 221 222 229 233 238
146 150 156 159 162 192 196 197 215 217 218 220 224 226 243 249
147 150 151 156 157 160 162 170 174 178 185 190 197 202 203 211 213 216 217 218 220 224 236 249
148 154 164 165 171 173 175 176 177 191 198 219 225 228 230 235
149 179 232 234 239 241 247 248
150 156 159 162 170 178 181 188 190 192 196 197 202 203 215 216 217 218 220 224 243 249
151 157 160 170 174 178 179 182 185 190 200 203 209 216 220 232 234 237 240 242 246
152 154 164 166 167 168 169 174 176 177 180 186 191 195 208 210 214 219 225 227 228 235 236 244
153 184 187 189 206 222 229 238
154 164 165 177 180 183 191 198 219 225 227 228
155 171 173 175 176 199 208 219 221 223 228 230 235
156 159 160 162 170 178 181 188 190 192 196 197 202 203 211 215 216 217 218 220 224 243 249
157 160 167 169 174 178 182 185 190 200 203 208 209 210 211 213 217 220 224 236 237 240 242 244 246
158 163 174 182 199 200 201 204 206 208 209 221 223 229 233 237 238 240 242 246
159 161 162 172 192 196 197 205 207 211 215 217 218 220 224 226 231 243 245 249
160 170 174 178 182 185 190 200 203 209 216 217 220 224 236 237 242 246
161 172 192 196 205 207 215 218 226 231 243 245
162 170 181 188 192 196 197 202 215 217 218 220 224 243 249
163 179 185 201 204 222 229 232 233 234 237 238 239 242 246
164 165 173 175 176 177 180 186 191 198 214 219 225 227 228 230 235
165 173 175 177 191 198 219 225 228 230 235
166 167 168 169 180 183 195 210 211 213 214 227 231 236 244 245
167 168 169 174 180 182 183 186 195 210 211 213 214 219 227 236 244 245
168 169 180 183 186 195 210 211 213 214 227 231 236 244 245
169 174 180 182 186 195 200 208 210 211 213 214 219 227 236 244
170 178 181 185 188 190 193 202 203 216 217 220 224 246
171 173 175 176 199 219 228 230 235
172 192 196 197 205 207 211 213 215 218 224 226 231 243 245
173 175 176 198 219 225 228 230 235
174 182 185 186 190 200 203 208 209 210 213 214 223 236 237 240 242 244
175 176 198 219 225 228 230 235
176 186 198 199 208 219 223 225 228 230 235
177 180 183 191 198 214 219 225 227 228
178 179 181 185 190 202 203 216 217 220 237 246 248
179 185 201 232 233 234 237 239 241 246 247 248
180 183 191 195 210 214 219 225 227 244
181 188 193 202 216 217 220
182 186 200 203 208 209 223 236 237 240 242 244
183 191 195 210 214 227 244
184 187 189 204 206 212 221 222 229 238
185 190 200 203 209 216 232 233 234 237 242 246 248
186 200 208 210 214 219 223 225 227 228 235 236 244
187 189 206 222 229 238
188 193 202 216
189 206 212 222 229 238
190 200 202 203 216 217 220 224 237 246
191 198 214 219 225 227
192 196 197 205 207 211 215 217 218 224 226 231 243 245 249
193 194 202 216 248
194
195 210 211 213 214 227 231 236 244 245
196 197 205 207 211 215 217 218 220 224 226 231 243 245 249
197 202 211 215 217 218 220 224 231 243 245 249
198 219 225 228 230 235
199 201 204 206 208 209 212 221 223 229 238 240 242
200 203 208 209 223 236 237 240 242 246
201 204 206 209 221 222 223 229 233 237 238 240 242 246
202 203 216 217 220 224 249
203 211 213 216 217 218 220 224 236 237 246
204 206 209 212 221 222 223 229 233 238 240 242
205 207 215 226 231 245
206 212 221 222 229 233 238
207 215 226 231 245
208 209 219 223 235 240 242
209 223 233 237 240 242 246
210 211 213 214 219 227 236 244 245
211 213 214 215 217 218 220 224 231 236 243 244 245
212 221 222 229 238
213 214 218 224 227 231 236 244 245
214 219 227 236 244
215 217 218 220 224 226 231 243 245 249
216 217 220 248
217 218 220 224 243 249
218 220 224 226 231 236 243 245 249
219 225 227 228 230 235 244
220 224 243 249
221 222 223 229 238 240
222 229 233 238
223 229 240 242
224 231 236 243 245 249
225 227 228 230 235
226 231 243 245
227 236 244
228 230 235
229 233 238 240
230 235
231 236 243 245
232 233 234 237 239 241 246 247 248
233 234 237 238 240 242 246
234 237 239 241 246 247 248
235
236 244 245
237 240 242 246
238
239 241 247 248
240 242 246
241 247 248
242 246
243 245 249
244
245
246 248
247 248
248
249
