#
# GMT Wed Oct  4 19:20:03 2023
# 
0 3 8 11 19 22 26 37 39 43 53 61 96 98
1 2 4 9 11 36 38 57 67 73 95
2 25 26 34 73 81 83
3 9 17 78 85 88 89 99
4 39 75 94 98
5 16 34 38 42 43 45 58 73
6 10 14 15 28 33 37 38 45 52 56 62 96
7 8 9 72 90
8 9 33 39 50 55 56 61 74 81 88 97
9 14 21 27 30 39 70 80 97 99
10 11 21 23 32 34 52 63 89
11 16 19 20 22 27 34 51 53 64 70 73
12 25 40 44 60 70
13 14 36 44 49 62 65 67 70 76 89 91 94 95 97
14 27 43 44 47 67 69 83 97
15 17 18 41 44 68 71 77 90 94
16 24 42 44 47 48 55 56 62
17 20 26 29 52 67 76 78 83
18 38 60 73 82 90 95
19 34 41 47 54 57 64 75 76 97
20 28 31 53 65 86 87 90 93 95
21 26 44 47 54 61 64 73 93
22 28 45 72 81 88 92
23 25 30 49 50
24 39 55 60 62 77 84 85 90 95
25 26 37 47 66 75 95
26 30 42 48 71 74 97
27 30 34 37
28 33 36 42 81 86 89 95
29 30 34 36 46 69 93
30 40 41 55 58 68 87
31 39 55 56 58 59 63 66 71 81 98
32 72 73 86 96
33 35 50 51 62 89 99
34 35 50 85 99
35 45 52 54 55 57 60 75 91 92 98
36 41 44 53 69 71 85 95 99
37 43 61 73 76 81 99
38 77 78 87 88 94
39 51 57 60 63 72 84 86 97
40 52 53 73 75 76 90 91 92
41 75
42 46 51 60 66 68 70 72 82 91
43 49 51 54 62 65 93 94 98
44 60 92 94 95
45
46 69 70 77
47 52 71 76 86 87
48 65 85
49 55 73
50 61 75
51 66 67 68 71 77 92
52 56 63 81 82 84 85
53 57 59 69 73 77 90 91 94
54
55 60 70 78 82 86 91 95
56 60 68 73 80 82
57 65 80 95
58 69 75 87
59 67 68 72 81 97
60 66 78 85 97
61 65 70
62 70 79 86 93 94
63 71 88 89 90
64 68 69
65 71 92 98
66 72 93
67 68 69 71
68 83
69 75 76 84 96
70 77
71 91 95 96
72 97 99
73 80 81 88
74 87 94
75 84 96
76 82 96 98 99
77 87 97
78 79 82 93 94 96 97
79 82 87 95 96
80 81 82 86 93
81 82 85 96
82 83
83 86 92
84 85 90 97
85
86
87 95 97
88 90
89
90 96
91 95
92
93 99
94
95
96
97 98
98
99
