#
# GMT Mon Dec 18 19:08:43 2023
# 
0 1 2 3 4 5 6 7 8 9 10 20 30 40 50 60 70 80 90
1 2 9
2 3
3 4
4 5
5 6
6 7
7 8
8 9
9
10 11 12 13 14 15 16 17 18 19 20 30 40 50 60 70 80 90
11 12 19
12 13
13 14
14 15
15 16
16 17
17 18
18 19
19
20 21 22 23 24 25 26 27 28 29 30 40 50 60 70 80 90
21 22 29
22 23
23 24
24 25
25 26
26 27
27 28
28 29
29
30 31 32 33 34 35 36 37 38 39 40 50 60 70 80 90
31 32 39
32 33
33 34
34 35
35 36
36 37
37 38
38 39
39
40 41 42 43 44 45 46 47 48 49 50 60 70 80 90
41 42 49
42 43
43 44
44 45
45 46
46 47
47 48
48 49
49
50 51 52 53 54 55 56 57 58 59 60 70 80 90
51 52 59
52 53
53 54
54 55
55 56
56 57
57 58
58 59
59
60 61 62 63 64 65 66 67 68 69 70 80 90
61 62 69
62 63
63 64
64 65
65 66
66 67
67 68
68 69
69
70 71 72 73 74 75 76 77 78 79 80 90
71 72 79
72 73
73 74
74 75
75 76
76 77
77 78
78 79
79
80 81 82 83 84 85 86 87 88 89 90
81 82 89
82 83
83 84
84 85
85 86
86 87
87 88
88 89
89
90 91 92 93 94 95 96 97 98 99
91 92 99
92 93
93 94
94 95
95 96
96 97
97 98
98 99
99
